0 0 0.0389017
1 0 -0.0129469
0 1 -0.0129469
1 1 0.0258331
2 1 -0.0128862
1 2 -0.0128862
2 2 0.0257121
3 2 -0.0128259
2 3 -0.0128259
3 3 0.0255918
4 3 -0.0127659
3 4 -0.0127659
4 4 0.025472
5 4 -0.0127061
4 5 -0.0127061
5 5 0.0253527
6 5 -0.0126466
5 6 -0.0126466
6 6 0.025234
7 6 -0.0125875
6 7 -0.0125875
7 7 0.0251161
8 7 -0.0125287
7 8 -0.0125287
8 8 0.0249989
9 8 -0.0124702
8 9 -0.0124702
9 9 0.0248822
10 9 -0.012412
9 10 -0.012412
10 10 0.024766
11 10 -0.012354
10 11 -0.012354
11 11 0.0246507
12 11 -0.0122967
11 12 -0.0122967
12 12 0.0245361
13 12 -0.0122394
12 13 -0.0122394
13 13 0.0244219
14 13 -0.0121825
13 14 -0.0121825
14 14 0.0243085
15 14 -0.0121261
14 15 -0.0121261
15 15 0.0241961
16 15 -0.0120701
15 16 -0.0120701
16 16 0.0240842
17 16 -0.0120141
16 17 -0.0120141
17 17 0.0239727
18 17 -0.0119586
17 18 -0.0119586
18 18 0.0238619
19 18 -0.0119033
18 19 -0.0119033
19 19 0.0237521
20 19 -0.0118488
19 20 -0.0118488
20 20 0.0236435
21 20 -0.0117947
20 21 -0.0117947
21 21 0.0235355
22 21 -0.0117407
21 22 -0.0117407
22 22 0.0234278
23 22 -0.011687
22 23 -0.011687
23 23 0.0233205
24 23 -0.0116335
23 24 -0.0116335
24 24 0.0232139
25 24 -0.0115804
24 25 -0.0115804
25 25 0.023109
26 25 -0.0115286
25 26 -0.0115286
26 26 0.0230054
27 26 -0.0114768
26 27 -0.0114768
27 27 0.0229023
28 27 -0.0114255
27 28 -0.0114255
28 28 0.0228001
29 28 -0.0113747
28 29 -0.0113747
29 29 0.0226977
30 29 -0.011323
29 30 -0.011323
30 30 0.0225962
31 30 -0.0112732
30 31 -0.0112732
31 31 0.0224963
32 31 -0.0112231
31 32 -0.0112231
32 32 0.0223961
33 32 -0.011173
32 33 -0.011173
33 33 0.0222977
34 33 -0.0111247
33 34 -0.0111247
34 34 0.0222017
35 34 -0.0110769
34 35 -0.0110769
35 35 0.0221066
36 35 -0.0110296
35 36 -0.0110296
36 36 0.0220112
37 36 -0.0109816
36 37 -0.0109816
37 37 0.0219143
38 37 -0.0109328
37 38 -0.0109328
38 38 0.021819
39 38 -0.0108862
38 39 -0.0108862
39 39 0.0217274
40 39 -0.0108411
39 40 -0.0108411
40 40 0.0216369
41 40 -0.0107958
40 41 -0.0107958
41 41 0.0215465
42 41 -0.0107508
41 42 -0.0107508
42 42 0.0214571
43 42 -0.0107063
42 43 -0.0107063
43 43 0.0213685
44 43 -0.0106622
43 44 -0.0106622
44 44 0.0212797
45 44 -0.0106175
44 45 -0.0106175
45 45 0.0211907
46 45 -0.0105733
45 46 -0.0105733
46 46 0.0211049
47 46 -0.0105317
46 47 -0.0105317
47 47 0.0210223
48 47 -0.0104906
47 48 -0.0104906
48 48 0.0209398
49 48 -0.0104492
48 49 -0.0104492
49 49 0.0208573
50 49 -0.0104081
49 50 -0.0104081
50 50 0.0207766
51 50 -0.0103685
50 51 -0.0103685
51 51 0.0206968
52 51 -0.0103283
51 52 -0.0103283
52 52 0.0206168
53 52 -0.0102885
52 53 -0.0102885
53 53 0.0205377
54 53 -0.0102492
53 54 -0.0102492
54 54 0.0204585
55 54 -0.0102093
54 55 -0.0102093
55 55 0.0203818
56 55 -0.0101725
55 56 -0.0101725
56 56 0.0203103
57 56 -0.0101378
56 57 -0.0101378
57 57 0.0202399
58 57 -0.0101022
57 58 -0.0101022
58 58 0.0201682
59 58 -0.010066
58 59 -0.010066
59 59 0.0200961
60 59 -0.0100302
59 60 -0.0100302
60 60 0.0200249
61 60 -0.00999473
60 61 -0.00999473
61 61 0.0199544
62 61 -0.00995972
61 62 -0.00995972
62 62 0.0198853
63 62 -0.00992561
62 63 -0.00992561
63 63 0.0198186
64 63 -0.00989296
63 64 -0.00989296
64 64 0.0197553
65 64 -0.00986236
64 65 -0.00986236
65 65 0.0196944
66 65 -0.00983201
65 66 -0.00983201
66 66 0.0196337
67 66 -0.0098017
66 67 -0.0098017
67 67 0.0195725
68 67 -0.00977076
67 68 -0.00977076
68 68 0.019511
69 68 -0.00974021
68 69 -0.00974021
69 69 0.0194503
70 69 -0.00971007
69 70 -0.00971007
70 70 0.0193903
71 70 -0.00968025
70 71 -0.00968025
71 71 0.0193319
72 71 -0.00965165
71 72 -0.00965165
72 72 0.0192762
73 72 -0.00962459
72 73 -0.00962459
73 73 0.0192263
74 73 -0.00960174
73 74 -0.00960174
74 74 0.0191792
75 74 -0.0095775
74 75 -0.0095775
75 75 0.0191294
76 75 -0.00955187
75 76 -0.00955187
76 76 0.0190785
77 76 -0.00952664
76 77 -0.00952664
77 77 0.0190283
78 77 -0.00950169
77 78 -0.00950169
78 78 0.0189787
79 78 -0.00947702
78 79 -0.00947702
79 79 0.0189297
80 79 -0.00945269
79 80 -0.00945269
80 80 0.0188808
81 80 -0.00942815
80 81 -0.00942815
81 81 0.0188358
82 81 -0.00940768
81 82 -0.00940768
82 82 0.0188003
83 82 -0.00939262
82 83 -0.00939262
83 83 0.0187682
84 83 -0.00937558
83 84 -0.00937558
84 84 0.0187321
85 84 -0.00935655
84 85 -0.00935655
85 85 0.0186936
86 85 -0.00933701
85 86 -0.00933701
86 86 0.0186547
87 86 -0.00931767
86 87 -0.00931767
87 87 0.0186155
88 87 -0.00929786
87 88 -0.00929786
88 88 0.0185763
89 88 -0.00927841
88 89 -0.00927841
89 89 0.0185384
90 89 -0.00925997
89 90 -0.00925997
90 90 0.0185036
91 90 -0.00924359
90 91 -0.00924359
91 91 0.0184776
92 91 -0.009234
91 92 -0.009234
92 92 0.0184622
93 92 -0.00922823
92 93 -0.00922823
93 93 0.018446
94 93 -0.00921774
93 94 -0.00921774
94 94 0.0184206
95 94 -0.00920289
94 95 -0.00920289
95 95 0.018392
96 95 -0.00918914
95 96 -0.00918914
96 96 0.0183649
97 96 -0.00917574
96 97 -0.00917574
97 97 0.0183368
98 97 -0.00916107
97 98 -0.00916107
98 98 0.0183084
99 98 -0.00914735
98 99 -0.00914735
99 99 0.0182813
100 99 -0.00913397
99 100 -0.00913397
100 100 0.0182597
101 100 -0.00912573
100 101 -0.00912573
101 101 0.0182545
102 101 -0.00912873
101 102 -0.00912873
102 102 0.0182631
103 102 -0.0091344
102 103 -0.0091344
103 103 0.0182643
104 103 -0.00912993
103 104 -0.00912993
104 104 0.0182505
105 104 -0.00912059
104 105 -0.00912059
105 105 0.0182329
106 105 -0.00911233
105 106 -0.00911233
106 106 0.0182147
107 106 -0.00910236
106 107 -0.00910236
107 107 0.0181956
108 107 -0.00909326
107 108 -0.00909326
108 108 0.0181781
109 108 -0.00908484
108 109 -0.00908484
109 109 0.0181603
110 109 -0.00907542
109 110 -0.00907542
110 110 0.0181507
111 110 -0.00907531
110 111 -0.00907531
111 111 0.0181677
112 111 -0.00909241
111 112 -0.00909241
112 112 0.0182039
113 112 -0.00911148
112 113 -0.00911148
113 113 0.0182272
114 113 -0.00911568
113 114 -0.00911568
114 114 0.0182264
115 114 -0.00911069
114 115 -0.00911069
115 115 0.0182165
116 115 -0.00910581
115 116 -0.00910581
116 116 0.0182071
117 116 -0.00910132
116 117 -0.00910132
117 117 0.0181977
118 117 -0.00909643
117 118 -0.00909643
118 118 0.0181881
119 118 -0.00909165
118 119 -0.00909165
119 119 0.0181788
120 119 -0.00908712
119 120 -0.00908712
120 120 0.0181782
121 120 -0.00909109
120 121 -0.00909109
121 121 0.0182122
122 121 -0.00912106
121 122 -0.00912106
122 122 0.0182817
123 122 -0.00916059
122 123 -0.00916059
123 123 0.0183362
124 123 -0.00917561
123 124 -0.00917561
124 124 0.0183499
125 124 -0.00917425
124 125 -0.00917425
125 125 0.018348
126 125 -0.00917372
125 126 -0.00917372
126 126 0.0183466
127 126 -0.00917285
126 127 -0.00917285
127 127 0.0183437
128 127 -0.00917083
127 128 -0.00917083
128 128 0.0183405
129 128 -0.00916964
128 129 -0.00916964
129 129 0.0183389
130 129 -0.00916926
129 130 -0.00916926
130 130 0.0183419
131 130 -0.00917264
130 131 -0.00917264
131 131 0.0183842
132 131 -0.00921157
131 132 -0.00921157
132 132 0.0184917
133 132 -0.00928009
132 133 -0.00928009
133 133 0.0185942
134 133 -0.00931408
133 134 -0.00931408
134 134 0.0186293
135 134 -0.0093152
134 135 -0.0093152
135 135 0.018632
136 135 -0.00931683
135 136 -0.00931683
136 136 0.0186349
137 136 -0.00931811
136 137 -0.00931811
137 137 0.0186375
138 137 -0.00931941
137 138 -0.00931941
138 138 0.0186403
139 138 -0.0093209
138 139 -0.0093209
139 139 0.0186433
140 139 -0.00932239
139 140 -0.00932239
140 140 0.018646
141 140 -0.00932359
140 141 -0.00932359
141 141 0.0186905
142 141 -0.00936692
141 142 -0.00936692
142 142 0.0188302
143 142 -0.00946331
142 143 -0.00946331
143 143 0.0189879
144 143 -0.00952454
143 144 -0.00952454
144 144 0.019059
145 144 -0.00953441
144 145 -0.00953441
145 145 0.0190721
146 145 -0.00953771
145 146 -0.00953771
146 146 0.0190781
147 146 -0.00954043
146 147 -0.00954043
147 147 0.019083
148 147 -0.00954254
147 148 -0.00954254
148 148 0.0190885
149 148 -0.00954601
148 149 -0.00954601
149 149 0.0190957
150 149 -0.00954972
149 150 -0.00954972
150 150 0.0191014
151 150 -0.0095517
150 151 -0.0095517
151 151 0.0191438
152 151 -0.00959209
151 152 -0.00959209
152 152 0.0192927
153 152 -0.00970062
152 153 -0.00970062
153 153 0.0195009
154 153 -0.00980031
153 154 -0.00980031
154 154 0.0196336
155 154 -0.00983334
154 155 -0.00983334
155 155 0.0196703
156 155 -0.00983699
155 156 -0.00983699
156 156 0.0196772
157 156 -0.00984024
156 157 -0.00984024
157 157 0.0196838
158 157 -0.00984354
157 158 -0.00984354
158 158 0.0196907
159 158 -0.00984712
158 159 -0.00984712
159 159 0.0196977
160 159 -0.00985063
159 160 -0.00985063
160 160 0.0197039
161 160 -0.00985331
160 161 -0.00985331
161 161 0.0197362
162 161 -0.00988288
161 162 -0.00988288
162 162 0.019881
163 162 -0.00999811
162 163 -0.00999811
163 163 0.0201461
164 163 -0.010148
163 164 -0.010148
164 164 0.0203604
165 164 -0.0102125
164 165 -0.0102125
165 165 0.0204286
166 165 -0.0102161
165 166 -0.0102161
166 166 0.0204352
167 166 -0.0102191
166 167 -0.0102191
167 167 0.0204402
168 167 -0.0102211
167 168 -0.0102211
168 168 0.0204479
169 168 -0.0102269
168 169 -0.0102269
169 169 0.0204575
170 169 -0.0102306
169 170 -0.0102306
170 170 0.0204559
171 170 -0.0102252
170 171 -0.0102252
171 171 0.0204621
172 171 -0.0102369
171 172 -0.0102369
172 172 0.0205956
173 172 -0.0103587
172 173 -0.0103587
173 173 0.0209293
174 173 -0.0105706
173 174 -0.0105706
174 174 0.0212425
175 174 -0.0106719
174 175 -0.0106719
175 175 0.0213467
176 175 -0.0106747
175 176 -0.0106747
176 176 0.0213519
177 176 -0.0106772
176 177 -0.0106772
177 177 0.0213512
178 177 -0.010674
177 178 -0.010674
178 178 0.0213521
179 178 -0.0106781
178 179 -0.0106781
179 179 0.0213602
180 179 -0.0106821
179 180 -0.0106821
180 180 0.0213681
181 180 -0.010686
180 181 -0.010686
181 181 0.0213699
182 181 -0.0106839
181 182 -0.0106839
182 182 0.0214771
183 182 -0.0107932
182 183 -0.0107932
183 183 0.0218396
184 183 -0.0110464
183 184 -0.0110464
184 184 0.022244
185 184 -0.0111976
184 185 -0.0111976
185 185 0.0224074
186 185 -0.0112097
185 186 -0.0112097
186 186 0.0224218
187 186 -0.011212
186 187 -0.011212
187 187 0.0224272
188 187 -0.0112152
187 188 -0.0112152
188 188 0.022428
189 188 -0.0112128
188 189 -0.0112128
189 189 0.0224178
190 189 -0.011205
189 190 -0.011205
190 190 0.0224141
191 190 -0.0112091
190 191 -0.0112091
191 191 0.0224159
192 191 -0.0112068
191 192 -0.0112068
192 192 0.022524
193 192 -0.0113172
192 193 -0.0113172
193 193 0.0229072
194 193 -0.01159
193 194 -0.01159
194 194 0.0233811
195 194 -0.0117911
194 195 -0.0117911
195 195 0.023619
196 195 -0.0118279
195 196 -0.0118279
196 196 0.0236514
197 196 -0.0118235
196 197 -0.0118235
197 197 0.0236437
198 197 -0.0118202
197 198 -0.0118202
198 198 0.0236313
199 198 -0.0118111
198 199 -0.0118111
199 199 0.0236255
200 199 -0.0118143
199 200 -0.0118143
200 200 0.0236252
201 200 -0.0118109
200 201 -0.0118109
201 201 0.0236122
202 201 -0.0118012
201 202 -0.0118012
202 202 0.023718
203 202 -0.0119167
202 203 -0.0119167
203 203 0.0241432
204 203 -0.0122264
203 204 -0.0122264
204 204 0.0246951
205 204 -0.0124687
204 205 -0.0124687
205 205 0.0249848
206 205 -0.0125161
205 206 -0.0125161
206 206 0.0250263
207 206 -0.0125102
206 207 -0.0125102
207 207 0.0250096
208 207 -0.0124994
207 208 -0.0124994
208 208 0.0249884
209 208 -0.012489
208 209 -0.012489
209 209 0.024972
210 209 -0.012483
209 210 -0.012483
210 210 0.0249563
211 210 -0.0124733
210 211 -0.0124733
211 211 0.0249431
212 211 -0.0124699
211 212 -0.0124699
212 212 0.0250783
213 212 -0.0126084
212 213 -0.0126084
213 213 0.0255683
214 213 -0.0129599
213 214 -0.0129599
214 214 0.0261906
215 214 -0.0132307
214 215 -0.0132307
215 215 0.0265126
216 215 -0.0132818
215 216 -0.0132818
216 216 0.0265454
217 216 -0.0132636
216 217 -0.0132636
217 217 0.0265145
218 217 -0.0132509
217 218 -0.0132509
218 218 0.0264871
219 218 -0.0132362
218 219 -0.0132362
219 219 0.0264531
220 219 -0.0132169
219 220 -0.0132169
220 220 0.0264286
221 220 -0.0132117
220 221 -0.0132117
221 221 0.0264121
222 221 -0.0132004
221 222 -0.0132004
222 222 0.0265836
223 222 -0.0133831
222 223 -0.0133831
223 223 0.027205
224 223 -0.0138219
223 224 -0.0138219
224 224 0.0279059
225 224 -0.014084
224 225 -0.014084
225 225 0.0281835
226 225 -0.0140995
225 226 -0.0140995
226 226 0.0281827
227 226 -0.0140832
226 227 -0.0140832
227 227 0.0281451
228 227 -0.0140618
227 228 -0.0140618
228 228 0.0281013
229 228 -0.0140395
228 229 -0.0140395
229 229 0.028064
230 229 -0.0140245
229 230 -0.0140245
230 230 0.0280353
231 230 -0.0140108
230 231 -0.0140108
231 231 0.0280249
232 231 -0.0140141
231 232 -0.0140141
232 232 0.0282976
233 232 -0.0142835
232 233 -0.0142835
233 233 0.0290621
234 233 -0.0147786
233 234 -0.0147786
234 234 0.0297905
235 234 -0.015012
234 235 -0.015012
235 235 0.0299996
236 235 -0.0149876
235 236 -0.0149876
236 236 0.0299422
237 236 -0.0149546
236 237 -0.0149546
237 237 0.0298837
238 237 -0.014929
237 238 -0.014929
238 238 0.029835
239 238 -0.014906
238 239 -0.014906
239 239 0.0297878
240 239 -0.0148818
239 240 -0.0148818
240 240 0.0297399
241 240 -0.014858
240 241 -0.014858
241 241 0.0298251
242 241 -0.0149671
241 242 -0.0149671
242 242 0.0303329
243 242 -0.0153658
242 243 -0.0153658
243 243 0.0311732
244 243 -0.0158074
243 244 -0.0158074
244 244 0.0317552
245 244 -0.0159478
244 245 -0.0159478
245 245 0.0318583
246 245 -0.0159106
245 246 -0.0159106
246 246 0.0317929
247 246 -0.0158823
246 247 -0.0158823
247 247 0.0317323
248 247 -0.01585
247 248 -0.01585
248 248 0.0316745
249 248 -0.0158246
248 249 -0.0158246
249 249 0.0316152
250 249 -0.0157907
249 250 -0.0157907
250 250 0.0315461
251 250 -0.0157554
250 251 -0.0157554
251 251 0.0317781
252 251 -0.0160227
251 252 -0.0160227
252 252 0.032646
253 252 -0.0166233
252 253 -0.0166233
253 253 0.0335636
254 253 -0.0169403
253 254 -0.0169403
254 254 0.0338627
255 254 -0.0169224
254 255 -0.0169224
255 255 0.0338132
256 255 -0.0168908
255 256 -0.0168908
256 256 0.0337453
257 256 -0.0168545
256 257 -0.0168545
257 257 0.0336721
258 257 -0.0168176
257 258 -0.0168176
258 258 0.0335968
259 258 -0.0167791
258 259 -0.0167791
259 259 0.0335216
260 259 -0.0167424
259 260 -0.0167424
260 260 0.0336155
261 260 -0.0168731
260 261 -0.0168731
261 261 0.0342311
262 261 -0.017358
261 262 -0.017358
262 262 0.0352131
263 262 -0.0178551
262 263 -0.0178551
263 263 0.0358478
264 263 -0.0179927
263 264 -0.0179927
264 264 0.0359407
265 264 -0.017948
264 265 -0.017948
265 265 0.035848
266 265 -0.0178999
265 266 -0.0178999
266 266 0.0357551
267 266 -0.0178551
266 267 -0.0178551
267 267 0.0356713
268 267 -0.0178162
267 268 -0.0178162
268 268 0.0355836
269 268 -0.0177674
268 269 -0.0177674
269 269 0.0355693
270 269 -0.0178019
269 270 -0.0178019
270 270 0.0360109
271 270 -0.018209
270 271 -0.018209
271 271 0.0370482
272 271 -0.0188392
271 272 -0.0188392
272 272 0.0379395
273 272 -0.0191003
272 273 -0.0191003
273 273 0.0381448
274 273 -0.0190446
273 274 -0.0190446
274 274 0.0380301
275 274 -0.0189855
274 275 -0.0189855
275 275 0.0379241
276 275 -0.0189386
275 276 -0.0189386
276 276 0.0378279
277 276 -0.0188893
276 277 -0.0188893
277 277 0.0377187
278 277 -0.0188294
277 278 -0.0188294
278 278 0.0376341
279 278 -0.0188046
278 279 -0.0188046
279 279 0.0379741
280 279 -0.0191694
279 280 -0.0191694
280 280 0.0390631
281 280 -0.0198937
280 281 -0.0198937
281 281 0.0401175
282 281 -0.0202238
281 282 -0.0202238
282 282 0.0403883
283 282 -0.0201645
282 283 -0.0201645
283 283 0.0402772
284 283 -0.0201127
283 284 -0.0201127
284 284 0.0401669
285 284 -0.0200542
284 285 -0.0200542
285 285 0.0400452
286 285 -0.019991
285 286 -0.019991
286 286 0.0399196
287 286 -0.0199286
286 287 -0.0199286
287 287 0.0398087
288 287 -0.0198802
287 288 -0.0198802
288 288 0.0401216
289 288 -0.0202415
288 289 -0.0202415
289 289 0.0412596
290 289 -0.0210182
289 290 -0.0210182
290 290 0.0424032
291 290 -0.021385
290 291 -0.021385
291 291 0.0427054
292 291 -0.0213204
291 292 -0.0213204
292 292 0.0425636
293 292 -0.0212432
292 293 -0.0212432
293 293 0.0424194
294 293 -0.0211762
293 294 -0.0211762
294 294 0.0422939
295 294 -0.0211177
294 295 -0.0211177
295 295 0.0421646
296 295 -0.0210469
295 296 -0.0210469
296 296 0.0420723
297 296 -0.0210254
296 297 -0.0210254
297 297 0.0424606
298 297 -0.0214352
297 298 -0.0214352
298 298 0.0436453
299 298 -0.0222101
298 299 -0.0222101
299 299 0.0447593
300 299 -0.0225492
299 300 -0.0225492
300 300 0.0450179
301 300 -0.0224687
300 301 -0.0224687
301 301 0.0448637
302 301 -0.0223951
301 302 -0.0223951
302 302 0.0447173
303 302 -0.0223222
302 303 -0.0223222
303 303 0.0445725
304 303 -0.0222502
303 304 -0.0222502
304 304 0.044425
305 304 -0.0221747
304 305 -0.0221747
305 305 0.0444176
306 305 -0.0222429
305 306 -0.0222429
306 306 0.0450114
307 306 -0.0227685
306 307 -0.0227685
307 307 0.0462329
308 307 -0.0234644
307 308 -0.0234644
308 308 0.0471755
309 308 -0.0237112
308 309 -0.0237112
309 309 0.0473425
310 309 -0.0236313
309 310 -0.0236313
310 310 0.0471796
311 310 -0.0235483
310 311 -0.0235483
311 311 0.0470145
312 311 -0.0234662
311 312 -0.0234662
312 312 0.0468518
313 312 -0.0233856
312 313 -0.0233856
313 313 0.046686
314 313 -0.0233004
313 314 -0.0233004
314 314 0.0468169
315 314 -0.0235165
314 315 -0.0235165
315 315 0.047744
316 315 -0.0242274
315 316 -0.0242274
316 316 0.0490193
317 316 -0.0247918
316 317 -0.0247918
317 317 0.0496589
318 317 -0.0248671
317 318 -0.0248671
318 318 0.0496399
319 318 -0.0247729
318 319 -0.0247729
319 319 0.0494581
320 319 -0.0246852
319 320 -0.0246852
320 320 0.0492853
321 320 -0.0246
320 321 -0.0246
321 321 0.0491103
322 321 -0.0245103
321 322 -0.0245103
322 322 0.0489912
323 322 -0.0244809
322 323 -0.0244809
323 323 0.0494049
324 323 -0.024924
323 324 -0.024924
324 324 0.050671
325 324 -0.0257471
324 325 -0.0257471
325 325 0.0518367
326 325 -0.0260896
325 326 -0.0260896
326 326 0.0520873
327 326 -0.0259977
326 327 -0.0259977
327 327 0.0519005
328 327 -0.0259028
327 328 -0.0259028
328 328 0.0517
329 328 -0.0257972
328 329 -0.0257972
329 329 0.051507
330 329 -0.0257098
329 330 -0.0257098
330 330 0.0513277
331 330 -0.0256179
330 331 -0.0256179
331 331 0.0514693
332 331 -0.0258514
331 332 -0.0258514
332 332 0.0524533
333 332 -0.0266018
332 333 -0.0266018
333 333 0.0537617
334 333 -0.0271599
333 334 -0.0271599
334 334 0.0543678
335 334 -0.0272079
334 335 -0.0272079
335 335 0.0543063
336 335 -0.0270983
335 336 -0.0270983
336 336 0.0540936
337 336 -0.0269953
336 337 -0.0269953
337 337 0.0538831
338 337 -0.0268878
337 338 -0.0268878
338 338 0.0536627
339 338 -0.0267749
338 339 -0.0267749
339 339 0.0536568
340 339 -0.0268819
339 340 -0.0268819
340 340 0.0543693
341 340 -0.0274874
340 341 -0.0274874
341 341 0.0556735
342 341 -0.0281861
341 342 -0.0281861
342 342 0.0565657
343 342 -0.0283796
342 343 -0.0283796
343 343 0.056646
344 343 -0.0282664
343 344 -0.0282664
344 344 0.0564149
345 344 -0.0281486
344 345 -0.0281486
345 345 0.0561749
346 345 -0.0280264
345 346 -0.0280264
346 346 0.0559519
347 346 -0.0279256
346 347 -0.0279256
347 347 0.0558678
348 347 -0.0279422
347 348 -0.0279422
348 348 0.0563898
349 348 -0.0284476
348 349 -0.0284476
349 349 0.057675
350 349 -0.0292275
349 350 -0.0292275
350 350 0.0587253
351 350 -0.0294978
350 351 -0.0294978
351 351 0.0588819
352 351 -0.0293841
351 352 -0.0293841
352 352 0.0586501
353 352 -0.0292659
352 353 -0.0292659
353 353 0.0584084
354 353 -0.0291425
353 354 -0.0291425
354 354 0.0581645
355 354 -0.029022
354 355 -0.029022
355 355 0.058022
356 355 -0.029
355 356 -0.029
356 356 0.0584843
357 356 -0.0294843
356 357 -0.0294843
357 357 0.0597613
358 357 -0.030277
357 358 -0.030277
358 358 0.0608394
359 358 -0.0305624
358 359 -0.0305624
359 359 0.0609937
360 359 -0.0304313
359 360 -0.0304313
360 360 0.0607415
361 360 -0.0303102
360 361 -0.0303102
361 361 0.0605061
362 361 -0.0301959
361 362 -0.0301959
362 362 0.0602643
363 362 -0.0300685
362 363 -0.0300685
363 363 0.0601411
364 363 -0.0300726
363 364 -0.0300726
364 364 0.0606566
365 364 -0.030584
364 365 -0.030584
365 365 0.0619127
366 365 -0.0313286
365 366 -0.0313286
366 366 0.0628973
367 366 -0.0315687
366 367 -0.0315687
367 367 0.0630025
368 367 -0.0314338
367 368 -0.0314338
368 368 0.0627396
369 368 -0.0313058
368 369 -0.0313058
369 369 0.0624755
370 369 -0.0311697
369 370 -0.0311697
370 370 0.0622007
371 370 -0.031031
370 371 -0.031031
371 371 0.0621579
372 371 -0.0311269
371 372 -0.0311269
372 372 0.0628398
373 372 -0.0317129
372 373 -0.0317129
373 373 0.0640719
374 373 -0.032359
373 374 -0.032359
374 374 0.0648592
375 374 -0.0325003
374 375 -0.0325003
375 375 0.0648589
376 375 -0.0323587
375 376 -0.0323587
376 376 0.0645788
377 376 -0.0322202
376 377 -0.0322202
377 377 0.0642977
378 377 -0.0320776
377 378 -0.0320776
378 378 0.0640194
379 378 -0.0319418
378 379 -0.0319418
379 379 0.0641077
380 379 -0.0321659
379 380 -0.0321659
380 380 0.065042
381 380 -0.0328761
380 381 -0.0328761
381 381 0.0662275
382 381 -0.0333514
381 382 -0.0333514
382 382 0.0666902
383 382 -0.0333387
382 383 -0.0333387
383 383 0.0665406
384 383 -0.0332019
383 384 -0.0332019
384 384 0.0662537
385 384 -0.0330519
384 385 -0.0330519
385 385 0.0659515
386 385 -0.0328996
385 386 -0.0328996
386 386 0.0657372
387 386 -0.0328376
386 387 -0.0328376
387 387 0.0660843
388 387 -0.0332466
387 388 -0.0332466
388 388 0.06722
389 388 -0.0339734
388 389 -0.0339734
389 389 0.0682067
390 389 -0.0342333
389 390 -0.0342333
390 390 0.0683257
391 390 -0.0340924
390 391 -0.0340924
391 391 0.0680355
392 391 -0.0339431
391 392 -0.0339431
392 392 0.0677271
393 392 -0.033784
392 393 -0.033784
393 393 0.0674214
394 393 -0.0336374
393 394 -0.0336374
394 394 0.0674529
395 394 -0.0338155
394 395 -0.0338155
395 395 0.0682729
396 395 -0.0344574
395 396 -0.0344574
396 396 0.0693701
397 396 -0.0349127
396 397 -0.0349127
397 397 0.0698124
398 397 -0.0348997
397 398 -0.0348997
398 398 0.069651
399 398 -0.0347513
398 399 -0.0347513
399 399 0.0693439
400 399 -0.0345925
399 400 -0.0345925
400 400 0.0690212
401 400 -0.0344287
400 401 -0.0344287
401 401 0.0688524
402 401 -0.0344237
401 402 -0.0344237
402 402 0.0693103
403 402 -0.0348866
402 403 -0.0348866
403 403 0.0703791
404 403 -0.0354925
403 404 -0.0354925
404 404 0.071118
405 404 -0.0356255
404 405 -0.0356255
405 405 0.0710838
406 405 -0.0354584
405 406 -0.0354584
406 406 0.0707652
407 406 -0.0353069
406 407 -0.0353069
407 407 0.07046
408 407 -0.0351532
407 408 -0.0351532
408 408 0.0701783
409 408 -0.0350251
408 409 -0.0350251
409 409 0.0703465
410 409 -0.0353214
409 410 -0.0353214
410 410 0.0713312
411 410 -0.0360098
410 411 -0.0360098
411 411 0.0722846
412 411 -0.0362748
411 412 -0.0362748
412 412 0.0723891
413 412 -0.0361143
412 413 -0.0361143
413 413 0.0720644
414 413 -0.0359501
413 414 -0.0359501
414 414 0.07173
415 414 -0.0357799
414 415 -0.0357799
415 415 0.0713894
416 415 -0.0356095
415 416 -0.0356095
416 416 0.0714459
417 416 -0.0358364
416 417 -0.0358364
417 417 0.072318
418 417 -0.0364816
417 418 -0.0364816
418 418 0.0732625
419 418 -0.0367809
418 419 -0.0367809
419 419 0.0734339
420 419 -0.036653
419 420 -0.036653
420 420 0.0731388
421 420 -0.0364858
420 421 -0.0364858
421 421 0.0728074
422 421 -0.0363216
421 422 -0.0363216
422 422 0.0724741
423 422 -0.0361525
422 423 -0.0361525
423 423 0.0724902
424 423 -0.0363376
423 424 -0.0363376
424 424 0.0732573
425 424 -0.0369197
424 425 -0.0369197
425 425 0.0741453
426 425 -0.0372256
425 426 -0.0372256
426 426 0.0743515
427 426 -0.0371259
426 427 -0.0371259
427 427 0.0740601
428 427 -0.0369342
427 428 -0.0369342
428 428 0.0736967
429 428 -0.0367625
428 429 -0.0367625
429 429 0.0733721
430 429 -0.0366096
429 430 -0.0366096
430 430 0.0734021
431 430 -0.0367925
430 431 -0.0367925
431 431 0.0741713
432 431 -0.0373788
431 432 -0.0373788
432 432 0.0750161
433 432 -0.0376373
432 433 -0.0376373
433 433 0.0751219
434 433 -0.0374846
433 434 -0.0374846
434 434 0.0747943
435 434 -0.0373097
434 435 -0.0373097
435 435 0.0744413
436 435 -0.0371316
435 436 -0.0371316
436 436 0.0741158
437 436 -0.0369842
436 437 -0.0369842
437 437 0.074199
438 437 -0.0372148
437 438 -0.0372148
438 438 0.0749854
439 438 -0.0377706
438 439 -0.0377706
439 439 0.075722
440 439 -0.0379514
439 440 -0.0379514
440 440 0.0757299
441 440 -0.0377785
440 441 -0.0377785
441 441 0.075392
442 441 -0.0376135
441 442 -0.0376135
442 442 0.075032
443 442 -0.0374185
442 443 -0.0374185
443 443 0.0747654
444 443 -0.037347
443 444 -0.037347
444 444 0.0750039
445 444 -0.0376569
444 445 -0.0376569
445 445 0.0757391
446 445 -0.0380822
445 446 -0.0380822
446 446 0.076254
447 446 -0.0381718
446 447 -0.0381718
447 447 0.0761885
448 447 -0.0380167
447 448 -0.0380167
448 448 0.075831
449 448 -0.0378143
448 449 -0.0378143
449 449 0.0754295
450 449 -0.0376152
449 450 -0.0376152
450 450 0.075277
451 450 -0.0376618
450 451 -0.0376618
451 451 0.0757227
452 451 -0.0380609
451 452 -0.0380609
452 452 0.0764231
453 452 -0.0383622
452 453 -0.0383622
453 453 0.0766799
454 453 -0.0383177
453 454 -0.0383177
454 454 0.0764612
455 454 -0.0381434
454 455 -0.0381434
455 455 0.0760993
456 455 -0.0379558
455 456 -0.0379558
456 456 0.0757387
457 456 -0.0377829
456 457 -0.0377829
457 457 0.0757278
458 457 -0.0379448
457 458 -0.0379448
458 458 0.0763711
459 458 -0.0384263
458 459 -0.0384263
459 459 0.0769911
460 459 -0.0385648
459 460 -0.0385648
460 460 0.0769501
461 460 -0.0383853
460 461 -0.0383853
461 461 0.0765955
462 461 -0.0382103
461 462 -0.0382103
462 462 0.0762103
463 462 -0.038
462 463 -0.038
463 463 0.076002
464 463 -0.0380019
463 464 -0.0380019
464 464 0.0763539
465 464 -0.038352
464 465 -0.038352
465 465 0.0769777
466 465 -0.0386257
465 466 -0.0386257
466 466 0.077209
467 466 -0.0385833
466 467 -0.0385833
467 467 0.0769841
468 467 -0.0384009
467 468 -0.0384009
468 468 0.0766059
469 468 -0.038205
468 469 -0.038205
469 469 0.0762795
470 469 -0.0380744
469 470 -0.0380744
470 470 0.0763312
471 470 -0.0382568
470 471 -0.0382568
471 471 0.0768926
472 471 -0.0386358
471 472 -0.0386358
472 472 0.0773515
473 472 -0.0387157
472 473 -0.0387157
473 473 0.0772481
474 473 -0.0385324
473 474 -0.0385324
474 474 0.076869
475 474 -0.0383366
474 475 -0.0383366
475 475 0.0764916
476 475 -0.038155
475 476 -0.038155
476 476 0.0764015
477 476 -0.0382466
476 477 -0.0382466
477 477 0.0768763
478 477 -0.0386298
477 478 -0.0386298
478 478 0.0773995
479 478 -0.0387698
478 479 -0.0387698
479 479 0.0773712
480 479 -0.0386015
479 480 -0.0386015
480 480 0.0770165
481 480 -0.038415
480 481 -0.038415
481 481 0.0766656
482 481 -0.0382506
481 482 -0.0382506
482 482 0.0765013
483 482 -0.0382507
482 483 -0.0382507
483 483 0.0767748
484 483 -0.0385241
483 484 -0.0385241
484 484 0.0772649
485 484 -0.0387408
484 485 -0.0387408
485 485 0.0774084
486 485 -0.0386676
485 486 -0.0386676
486 486 0.0771316
487 486 -0.038464
486 487 -0.038464
487 487 0.0767441
488 487 -0.0382801
487 488 -0.0382801
488 488 0.0765292
489 488 -0.0382491
488 489 -0.0382491
489 489 0.0767428
490 489 -0.0384937
489 490 -0.0384937
490 490 0.0772078
491 490 -0.0387141
490 491 -0.0387141
491 491 0.0773632
492 491 -0.0386491
491 492 -0.0386491
492 492 0.0771257
493 492 -0.0384766
492 493 -0.0384766
493 493 0.0767555
494 493 -0.0382789
493 494 -0.0382789
494 494 0.076479
495 494 -0.0382001
494 495 -0.0382001
495 495 0.0766302
496 495 -0.0384301
495 496 -0.0384301
496 496 0.0771073
497 496 -0.0386772
496 497 -0.0386772
497 497 0.0773083
498 497 -0.0386311
497 498 -0.0386311
498 498 0.077058
499 498 -0.0384268
498 499 -0.0384268
499 499 0.0766513
500 499 -0.0382245
499 500 -0.0382245
500 500 0.0763896
501 500 -0.0381651
500 501 -0.0381651
501 501 0.0765563
502 501 -0.0383912
501 502 -0.0383912
502 502 0.0770152
503 502 -0.038624
502 503 -0.038624
503 503 0.0771702
504 503 -0.0385462
503 504 -0.0385462
504 504 0.0768873
505 504 -0.0383411
504 505 -0.0383411
505 505 0.0765113
506 505 -0.0381701
505 506 -0.0381701
506 506 0.0763063
507 506 -0.0381362
506 507 -0.0381362
507 507 0.07649
508 507 -0.0383538
507 508 -0.0383538
508 508 0.0768741
509 508 -0.0385203
508 509 -0.0385203
509 509 0.0769441
510 509 -0.0384238
509 510 -0.0384238
510 510 0.0766617
511 510 -0.0382378
510 511 -0.0382378
511 511 0.0763034
512 511 -0.0380655
511 512 -0.0380655
512 512 0.0761284
513 512 -0.0380629
512 513 -0.0380629
513 513 0.0763712
514 513 -0.0383083
513 514 -0.0383083
514 514 0.0767527
515 514 -0.0384444
514 515 -0.0384444
515 515 0.0767455
516 515 -0.0383011
515 516 -0.0383011
516 516 0.0764007
517 516 -0.0380996
516 517 -0.0380996
517 517 0.0760281
518 517 -0.0379285
517 518 -0.0379285
518 518 0.0758975
519 518 -0.037969
518 519 -0.037969
519 519 0.076229
520 519 -0.03826
519 520 -0.03826
520 520 0.076597
521 520 -0.038337
520 521 -0.038337
521 521 0.0764812
522 521 -0.0381443
521 522 -0.0381443
522 522 0.0760854
523 522 -0.0379411
522 523 -0.0379411
523 523 0.0757597
524 523 -0.0378186
523 524 -0.0378186
524 524 0.0757538
525 524 -0.0379352
524 525 -0.0379352
525 525 0.0760967
526 525 -0.0381615
525 526 -0.0381615
526 526 0.0763065
527 526 -0.038145
526 527 -0.038145
527 527 0.0760857
528 527 -0.0379407
527 528 -0.0379407
528 528 0.0756771
529 528 -0.0377364
528 529 -0.0377364
529 529 0.0754389
530 529 -0.0377026
529 530 -0.0377026
530 530 0.0756314
531 530 -0.0379288
530 531 -0.0379288
531 531 0.0759755
532 531 -0.0380467
531 532 -0.0380467
532 532 0.0759519
533 532 -0.0379052
532 533 -0.0379052
533 533 0.0756204
534 533 -0.0377152
533 534 -0.0377152
534 534 0.0752903
535 534 -0.0375751
534 535 -0.0375751
535 535 0.0752232
536 535 -0.0376482
535 536 -0.0376482
536 536 0.0755022
537 536 -0.0378541
536 537 -0.0378541
537 537 0.0756894
538 537 -0.0378353
537 538 -0.0378353
538 538 0.0754822
539 538 -0.0376469
538 539 -0.0376469
539 539 0.0751231
540 539 -0.0374762
539 540 -0.0374762
540 540 0.0749157
541 540 -0.0374395
540 541 -0.0374395
541 541 0.0750555
542 541 -0.037616
541 542 -0.037616
542 542 0.0753344
543 542 -0.0377183
542 543 -0.0377183
543 543 0.0753075
544 543 -0.0375892
543 544 -0.0375892
544 544 0.074977
545 544 -0.0373878
544 545 -0.0373878
545 545 0.0746512
546 545 -0.0372634
545 546 -0.0372634
546 546 0.074608
547 546 -0.0373447
546 547 -0.0373447
547 547 0.0748505
548 547 -0.0375058
547 548 -0.0375058
548 548 0.0749775
549 548 -0.0374716
548 549 -0.0374716
549 549 0.0747646
550 549 -0.0372929
549 550 -0.0372929
550 550 0.0744103
551 550 -0.0371173
550 551 -0.0371173
551 551 0.0742223
552 551 -0.0371049
551 552 -0.0371049
552 552 0.0744284
553 552 -0.0373235
552 553 -0.0373235
553 553 0.0746858
554 553 -0.0373623
553 554 -0.0373623
554 554 0.0745285
555 554 -0.0371663
554 555 -0.0371663
555 555 0.07415
556 555 -0.0369838
555 556 -0.0369838
556 556 0.0739154
557 556 -0.0369317
556 557 -0.0369317
557 557 0.074002
558 557 -0.0370704
557 558 -0.0370704
558 558 0.0742238
559 558 -0.0371534
558 559 -0.0371534
559 559 0.0742129
560 559 -0.0370595
559 560 -0.0370595
560 560 0.0739186
561 560 -0.0368591
560 561 -0.0368591
561 561 0.0735894
562 561 -0.0367304
561 562 -0.0367304
562 562 0.07358
563 562 -0.0368496
562 563 -0.0368496
563 563 0.0737954
564 563 -0.0369458
563 564 -0.0369458
564 564 0.073787
565 564 -0.0368412
564 565 -0.0368412
565 565 0.0735377
566 565 -0.0366964
565 566 -0.0366964
566 566 0.0732647
567 566 -0.0365682
566 567 -0.0365682
567 567 0.0731854
568 567 -0.0366171
567 568 -0.0366171
568 568 0.0733839
569 568 -0.0367668
568 569 -0.0367668
569 569 0.0734813
570 569 -0.0367145
569 570 -0.0367145
570 570 0.0732212
571 570 -0.0365067
570 571 -0.0365067
571 571 0.0728505
572 571 -0.0363438
571 572 -0.0363438
572 572 0.0727598
573 572 -0.036416
572 573 -0.036416
573 573 0.0729693
574 573 -0.0365533
573 574 -0.0365533
574 574 0.0730544
575 574 -0.0365011
574 575 -0.0365011
575 575 0.0728261
576 575 -0.036325
575 576 -0.036325
576 576 0.0724878
577 576 -0.0361628
576 577 -0.0361628
577 577 0.0723658
578 577 -0.036203
577 578 -0.036203
578 578 0.0725498
579 578 -0.0363467
578 579 -0.0363467
579 579 0.072634
580 579 -0.0362872
579 580 -0.0362872
580 580 0.072383
581 580 -0.0360958
580 581 -0.0360958
581 581 0.072059
582 581 -0.0359632
581 582 -0.0359632
582 582 0.0719816
583 582 -0.0360184
582 583 -0.0360184
583 583 0.0721639
584 583 -0.0361455
583 584 -0.0361455
584 584 0.0722156
585 584 -0.0360702
584 585 -0.0360702
585 585 0.0719432
586 585 -0.0358731
585 586 -0.0358731
586 586 0.0716211
587 586 -0.0357481
586 587 -0.0357481
587 587 0.0715491
588 587 -0.0358011
587 588 -0.0358011
588 588 0.0717276
589 588 -0.0359265
588 589 -0.0359265
589 589 0.0717997
590 589 -0.0358732
589 590 -0.0358732
590 590 0.071514
591 590 -0.0356408
590 591 -0.0356408
591 591 0.0711712
592 591 -0.0355304
591 592 -0.0355304
592 592 0.0711626
593 592 -0.0356322
592 593 -0.0356322
593 593 0.0713308
594 593 -0.0356985
593 594 -0.0356985
594 594 0.0712864
595 594 -0.0355879
594 595 -0.0355879
595 595 0.0709808
596 595 -0.0353929
595 596 -0.0353929
596 596 0.0707106
597 596 -0.0353177
596 597 -0.0353177
597 597 0.0707638
598 597 -0.0354461
597 598 -0.0354461
598 598 0.0709358
599 598 -0.0354898
598 599 -0.0354898
599 599 0.070813
600 599 -0.0353232
599 600 -0.0353232
600 600 0.0704457
601 600 -0.0351225
600 601 -0.0351225
601 601 0.0702318
602 601 -0.0351093
601 602 -0.0351093
602 602 0.0703726
603 602 -0.0352633
602 603 -0.0352633
603 603 0.0705066
604 603 -0.0352433
603 604 -0.0352433
604 604 0.0702654
605 604 -0.0350222
604 605 -0.0350222
605 605 0.0698996
606 605 -0.0348774
605 606 -0.0348774
606 606 0.0697962
607 606 -0.0349188
606 607 -0.0349188
607 607 0.0699483
608 607 -0.0350296
607 608 -0.0350296
608 608 0.0699969
609 608 -0.0349673
608 609 -0.0349673
609 609 0.0697155
610 609 -0.0347482
609 610 -0.0347482
610 610 0.06942
611 610 -0.0346718
610 611 -0.0346718
611 611 0.0694449
612 611 -0.0347731
611 612 -0.0347731
612 612 0.0695602
613 612 -0.0347871
612 613 -0.0347871
613 613 0.0694433
614 613 -0.0346562
613 614 -0.0346562
614 614 0.0691339
615 614 -0.0344777
614 615 -0.0344777
615 615 0.068915
616 615 -0.0344373
615 616 -0.0344373
616 616 0.0690211
617 616 -0.0345838
616 617 -0.0345838
617 617 0.0691184
618 617 -0.0345346
617 618 -0.0345346
618 618 0.0688585
619 618 -0.0343239
618 619 -0.0343239
619 619 0.0685455
620 619 -0.0342216
619 620 -0.0342216
620 620 0.0685279
621 620 -0.0343063
620 621 -0.0343063
621 621 0.068676
622 621 -0.0343698
621 622 -0.0343698
622 622 0.0685849
623 622 -0.0342151
622 623 -0.0342151
623 623 0.0682408
624 623 -0.0340257
623 624 -0.0340257
624 624 0.0680335
625 624 -0.0340078
624 625 -0.0340078
625 625 0.068113
626 625 -0.0341051
625 626 -0.0341051
626 626 0.068175
627 626 -0.0340699
626 627 -0.0340699
627 627 0.0679759
628 627 -0.033906
627 628 -0.033906
628 628 0.0677157
629 628 -0.0338097
628 629 -0.0338097
629 629 0.0676565
630 629 -0.0338468
629 630 -0.0338468
630 630 0.0677032
631 630 -0.0338564
630 631 -0.0338564
631 631 0.067602
632 631 -0.0337456
631 632 -0.0337456
632 632 0.0673428
633 632 -0.0335972
632 633 -0.0335972
633 633 0.0671653
634 633 -0.0335681
633 634 -0.0335681
634 634 0.0672153
635 634 -0.0336473
634 635 -0.0336473
635 635 0.0672248
636 635 -0.0335775
635 636 -0.0335775
636 636 0.0669683
637 636 -0.0333908
636 637 -0.0333908
637 637 0.0667294
638 637 -0.0333386
637 638 -0.0333386
638 638 0.0667513
639 638 -0.0334127
638 639 -0.0334127
639 639 0.0667997
640 639 -0.033387
639 640 -0.033387
640 640 0.0666135
641 640 -0.0332265
640 641 -0.0332265
641 641 0.0663698
642 641 -0.0331433
641 642 -0.0331433
642 642 0.0663369
643 642 -0.0331936
642 643 -0.0331936
643 643 0.0663755
644 643 -0.0331819
643 644 -0.0331819
644 644 0.0662114
645 644 -0.0330295
644 645 -0.0330295
645 645 0.0659478
646 645 -0.0329183
645 646 -0.0329183
646 646 0.0658368
647 646 -0.0329185
646 647 -0.0329185
647 647 0.0658706
648 647 -0.0329521
647 648 -0.0329521
648 648 0.0658542
649 648 -0.0329021
648 649 -0.0329021
649 649 0.0656224
650 649 -0.0327203
649 650 -0.0327203
650 650 0.0653946
651 650 -0.0326743
650 651 -0.0326743
651 651 0.0654286
652 651 -0.0327543
651 652 -0.0327543
652 652 0.0654457
653 652 -0.0326914
652 653 -0.0326914
653 653 0.065209
654 653 -0.0325176
653 654 -0.0325176
654 654 0.064984
655 654 -0.0324665
654 655 -0.0324665
655 655 0.0650242
656 655 -0.0325578
655 656 -0.0325578
656 656 0.0650573
657 656 -0.0324995
656 657 -0.0324995
657 657 0.0648112
658 657 -0.0323117
657 658 -0.0323117
658 658 0.0645742
659 658 -0.0322625
658 659 -0.0322625
659 659 0.0645773
660 659 -0.0323149
659 660 -0.0323149
660 660 0.0645986
661 660 -0.0322837
660 661 -0.0322837
661 661 0.0644148
662 661 -0.0321311
661 662 -0.0321311
662 662 0.0641661
663 662 -0.032035
662 663 -0.032035
663 663 0.0641214
664 663 -0.0320864
663 664 -0.0320864
664 664 0.0641507
665 664 -0.0320644
664 665 -0.0320644
665 665 0.0639885
666 665 -0.0319242
665 666 -0.0319242
666 666 0.0637555
667 666 -0.0318313
666 667 -0.0318313
667 667 0.0636929
668 667 -0.0318617
667 668 -0.0318617
668 668 0.0637049
669 668 -0.0318432
668 669 -0.0318432
669 669 0.0635335
670 669 -0.0316902
669 670 -0.0316902
670 670 0.0633011
671 670 -0.0316109
670 671 -0.0316109
671 671 0.0632507
672 671 -0.0316399
671 672 -0.0316399
672 672 0.0632397
673 672 -0.0315999
672 673 -0.0315999
673 673 0.0630639
674 673 -0.0314641
673 674 -0.0314641
674 674 0.0628529
675 674 -0.0313889
674 675 -0.0313889
675 675 0.0627968
676 675 -0.031408
675 676 -0.031408
676 676 0.0627759
677 676 -0.0313679
676 677 -0.0313679
677 677 0.0625972
678 677 -0.0312293
677 678 -0.0312293
678 678 0.0623909
679 678 -0.0311616
678 679 -0.0311616
679 679 0.0623455
680 679 -0.0311839
679 680 -0.0311839
680 680 0.0623113
681 680 -0.0311273
680 681 -0.0311273
681 681 0.0620892
682 681 -0.0309619
681 682 -0.0309619
682 682 0.0618596
683 682 -0.0308978
682 683 -0.0308978
683 683 0.0618479
684 683 -0.0309501
683 684 -0.0309501
684 684 0.0618401
685 684 -0.03089
684 685 -0.03089
685 685 0.0616036
686 685 -0.0307135
685 686 -0.0307135
686 686 0.0613663
687 686 -0.0306528
686 687 -0.0306528
687 687 0.0613527
688 687 -0.0306999
687 688 -0.0306999
688 688 0.0613199
689 688 -0.03062
688 689 -0.03062
689 689 0.0610914
690 689 -0.0304714
689 690 -0.0304714
690 690 0.0609046
691 690 -0.0304333
690 691 -0.0304333
691 691 0.0608971
692 691 -0.0304639
691 692 -0.0304639
692 692 0.0608367
693 692 -0.0303728
692 693 -0.0303728
693 693 0.0606009
694 693 -0.0302281
693 694 -0.0302281
694 694 0.0604251
695 694 -0.030197
694 695 -0.030197
695 695 0.0603932
696 695 -0.0301962
695 696 -0.0301962
696 696 0.0602901
697 696 -0.0300939
696 697 -0.0300939
697 697 0.0600777
698 697 -0.0299838
697 698 -0.0299838
698 698 0.0599695
699 698 -0.0299858
698 699 -0.0299858
699 699 0.0599475
700 699 -0.0299618
699 700 -0.0299618
700 700 0.0597805
701 700 -0.0298187
700 701 -0.0298187
701 701 0.0595423
702 701 -0.0297236
701 702 -0.0297236
702 702 0.0594964
703 702 -0.0297728
702 703 -0.0297728
703 703 0.0595024
704 703 -0.0297296
703 704 -0.0297296
704 704 0.0593164
705 704 -0.0295868
704 705 -0.0295868
705 705 0.0591444
706 705 -0.0295576
705 706 -0.0295576
706 706 0.0591191
707 706 -0.0295615
706 707 -0.0295615
707 707 0.0590173
708 707 -0.0294558
707 708 -0.0294558
708 708 0.0588164
709 708 -0.0293606
708 709 -0.0293606
709 709 0.0587349
710 709 -0.0293743
709 710 -0.0293743
710 710 0.0587081
711 710 -0.0293338
710 711 -0.0293338
711 711 0.0585292
712 711 -0.0291955
711 712 -0.0291955
712 712 0.0583421
713 712 -0.0291466
712 713 -0.0291466
713 713 0.058324
714 713 -0.0291774
713 714 -0.0291774
714 714 0.0582781
715 714 -0.0291007
714 715 -0.0291007
715 715 0.0580769
716 715 -0.0289762
715 716 -0.0289762
716 716 0.0579321
717 716 -0.0289558
716 717 -0.0289558
717 717 0.0579052
718 717 -0.0289493
717 718 -0.0289493
718 718 0.0577788
719 718 -0.0288295
718 719 -0.0288295
719 719 0.0575844
720 719 -0.0287549
719 720 -0.0287549
720 720 0.0575278
721 720 -0.0287729
720 721 -0.0287729
721 721 0.0574855
722 721 -0.0287126
721 722 -0.0287126
722 722 0.0573143
723 722 -0.0286018
722 723 -0.0286018
723 723 0.0571613
724 723 -0.0285596
723 724 -0.0285596
724 724 0.0571073
725 724 -0.0285478
724 725 -0.0285478
725 725 0.0569851
726 725 -0.0284373
725 726 -0.0284373
726 726 0.0567886
727 726 -0.0283513
