0 0 0.0389017
1 0 -0.0129469
0 1 -0.0129469
1 1 0.0258331
2 1 -0.0128862
1 2 -0.0128862
2 2 0.0257121
3 2 -0.0128259
2 3 -0.0128259
3 3 0.0255917
4 3 -0.0127658
3 4 -0.0127658
4 4 0.0254718
5 4 -0.012706
4 5 -0.012706
5 5 0.0253524
6 5 -0.0126464
5 6 -0.0126464
6 6 0.0252335
7 6 -0.0125872
6 7 -0.0125872
7 7 0.0251154
8 7 -0.0125282
7 8 -0.0125282
8 8 0.0249978
9 8 -0.0124696
8 9 -0.0124696
9 9 0.0248807
10 9 -0.0124111
9 10 -0.0124111
10 10 0.024764
11 10 -0.0123528
10 11 -0.0123528
11 11 0.024648
12 11 -0.0122951
11 12 -0.0122951
12 12 0.0245326
13 12 -0.0122375
12 13 -0.0122375
13 13 0.0244176
14 13 -0.0121801
13 14 -0.0121801
14 14 0.0243032
15 14 -0.0121231
14 15 -0.0121231
15 15 0.0241895
16 15 -0.0120664
15 16 -0.0120664
16 16 0.0240761
17 16 -0.0120097
16 17 -0.0120097
17 17 0.0239631
18 17 -0.0119534
17 18 -0.0119534
18 18 0.0238508
19 18 -0.0118974
18 19 -0.0118974
19 19 0.0237391
20 19 -0.0118417
19 20 -0.0118417
20 20 0.0236281
21 20 -0.0117863
20 21 -0.0117863
21 21 0.0235174
22 21 -0.011731
21 22 -0.011731
22 22 0.023407
23 22 -0.011676
22 23 -0.011676
23 23 0.0232971
24 23 -0.0116212
23 24 -0.0116212
24 24 0.0231877
25 24 -0.0115666
24 25 -0.0115666
25 25 0.0230794
26 25 -0.0115128
25 26 -0.0115128
26 26 0.0229715
27 26 -0.0114587
26 27 -0.0114587
27 27 0.0228638
28 27 -0.0114051
27 28 -0.0114051
28 28 0.0227571
29 28 -0.011352
28 29 -0.011352
29 29 0.0226502
30 29 -0.0112982
29 30 -0.0112982
30 30 0.0225442
31 30 -0.0112461
30 31 -0.0112461
31 31 0.0224393
32 31 -0.0111932
31 32 -0.0111932
32 32 0.0223328
33 32 -0.0111396
32 33 -0.0111396
33 33 0.0222273
34 33 -0.0110877
33 34 -0.0110877
34 34 0.022124
35 34 -0.0110363
34 35 -0.0110363
35 35 0.0220217
36 35 -0.0109854
35 36 -0.0109854
36 36 0.0219191
37 36 -0.0109337
36 37 -0.0109337
37 37 0.0218151
38 37 -0.0108814
37 38 -0.0108814
38 38 0.0217121
39 38 -0.0108307
38 39 -0.0108307
39 39 0.0216112
40 39 -0.0107805
39 40 -0.0107805
40 40 0.0215101
41 40 -0.0107296
40 41 -0.0107296
41 41 0.0214088
42 41 -0.0106792
41 42 -0.0106792
42 42 0.0213084
43 42 -0.0106293
42 43 -0.0106293
43 43 0.021209
44 43 -0.0105798
43 44 -0.0105798
44 44 0.0211094
45 44 -0.0105296
44 45 -0.0105296
45 45 0.0210096
46 45 -0.01048
45 46 -0.01048
46 46 0.0209119
47 46 -0.0104319
46 47 -0.0104319
47 47 0.020815
48 47 -0.0103831
47 48 -0.0103831
48 48 0.0207169
49 48 -0.0103338
48 49 -0.0103338
49 49 0.0206187
50 49 -0.0102849
49 50 -0.0102849
50 50 0.0205224
51 50 -0.0102375
50 51 -0.0102375
51 51 0.020427
52 51 -0.0101895
51 52 -0.0101895
52 52 0.0203315
53 52 -0.010142
52 53 -0.010142
53 53 0.0202369
54 53 -0.0100949
53 54 -0.0100949
54 54 0.0201411
55 54 -0.0100462
54 55 -0.0100462
55 55 0.0200452
56 55 -0.009999
55 56 -0.009999
56 56 0.0199522
57 56 -0.00995322
56 57 -0.00995322
57 57 0.0198601
58 57 -0.00990688
57 58 -0.00990688
58 58 0.0197669
59 58 -0.00985999
58 59 -0.00985999
59 59 0.0196735
60 59 -0.00981354
59 60 -0.00981354
60 60 0.0195811
61 60 -0.00976753
60 61 -0.00976753
61 61 0.0194895
62 61 -0.00972195
61 62 -0.00972195
62 62 0.0193987
63 62 -0.0096768
62 63 -0.0096768
63 63 0.0193079
64 63 -0.00963113
63 64 -0.00963113
64 64 0.019217
65 64 -0.00958589
64 65 -0.00958589
65 65 0.019127
66 65 -0.00954107
65 66 -0.00954107
66 66 0.0190378
67 66 -0.00949668
66 67 -0.00949668
67 67 0.0189485
68 67 -0.0094518
67 68 -0.0094518
68 68 0.0188591
69 68 -0.00940734
68 69 -0.00940734
69 69 0.0187706
70 69 -0.0093633
69 70 -0.0093633
70 70 0.018683
71 70 -0.00931966
70 71 -0.00931966
71 71 0.0185961
72 71 -0.00927644
71 72 -0.00927644
72 72 0.0185083
73 72 -0.00923191
72 73 -0.00923191
73 73 0.0184214
74 73 -0.00918949
73 74 -0.00918949
74 74 0.0183361
75 74 -0.00914662
74 75 -0.00914662
75 75 0.0182499
76 75 -0.00910332
75 76 -0.00910332
76 76 0.0181638
77 76 -0.00906043
76 77 -0.00906043
77 77 0.0180784
78 77 -0.00901795
77 78 -0.00901795
78 78 0.0179938
79 78 -0.00897585
78 79 -0.00897585
79 79 0.01791
80 79 -0.00893416
79 80 -0.00893416
80 80 0.0178262
81 80 -0.00889205
80 81 -0.00889205
81 81 0.0177424
82 81 -0.00885034
81 82 -0.00885034
82 82 0.0176594
83 82 -0.00880902
82 83 -0.00880902
83 83 0.0175763
84 83 -0.00876732
83 84 -0.00876732
84 84 0.0174941
85 84 -0.00872676
84 85 -0.00872676
85 85 0.0174126
86 85 -0.00868583
85 86 -0.00868583
86 86 0.0173311
87 86 -0.00864528
86 87 -0.00864528
87 87 0.0172497
88 87 -0.00860437
87 88 -0.00860437
88 88 0.0171682
89 88 -0.00856384
88 89 -0.00856384
89 89 0.0170883
90 89 -0.00852442
89 90 -0.00852442
90 90 0.0170091
91 90 -0.00848464
90 91 -0.00848464
91 91 0.0169292
92 91 -0.00844452
91 92 -0.00844452
92 92 0.0168493
93 92 -0.00840477
92 93 -0.00840477
93 93 0.0167702
94 93 -0.0083654
93 94 -0.0083654
94 94 0.0166911
95 94 -0.0083257
94 95 -0.0083257
95 95 0.0166128
96 95 -0.00828706
95 96 -0.00828706
96 96 0.0165358
97 96 -0.00824878
96 97 -0.00824878
97 97 0.0164583
98 97 -0.00820951
97 98 -0.00820951
98 98 0.0163808
99 98 -0.00817127
98 99 -0.00817127
99 99 0.0163047
100 99 -0.00813339
99 100 -0.00813339
100 100 0.0162286
101 100 -0.0080952
100 101 -0.0080952
101 101 0.0161519
102 101 -0.00805672
101 102 -0.00805672
102 102 0.016076
103 102 -0.00801925
102 103 -0.00801925
103 103 0.0160007
104 103 -0.00798148
103 104 -0.00798148
104 104 0.0159256
105 104 -0.00794407
104 105 -0.00794407
105 105 0.0158517
106 105 -0.00790764
105 106 -0.00790764
106 106 0.0157773
107 106 -0.00786968
106 107 -0.00786968
107 107 0.0157024
108 107 -0.00783269
107 108 -0.00783269
108 108 0.0156294
109 108 -0.00779666
108 109 -0.00779666
109 109 0.0155564
110 109 -0.00775976
109 110 -0.00775976
110 110 0.0154836
111 110 -0.0077238
110 111 -0.0077238
111 111 0.0154114
112 111 -0.00768758
111 112 -0.00768758
112 112 0.0153387
113 112 -0.00765111
112 113 -0.00765111
113 113 0.0152667
114 113 -0.00761557
113 114 -0.00761557
114 114 0.0151953
115 114 -0.00757978
114 115 -0.00757978
115 115 0.0151241
116 115 -0.00754432
115 116 -0.00754432
116 116 0.0150535
117 116 -0.0075092
116 117 -0.0075092
117 117 0.014983
118 117 -0.00747384
117 118 -0.00747384
118 118 0.0149127
119 118 -0.00743882
118 119 -0.00743882
119 119 0.0148429
120 119 -0.00740412
119 120 -0.00740412
120 120 0.0147733
121 120 -0.0073692
120 121 -0.0073692
121 121 0.0147038
122 121 -0.0073346
121 122 -0.0073346
122 122 0.0146349
123 122 -0.00730034
122 123 -0.00730034
123 123 0.0145662
124 123 -0.00726586
123 124 -0.00726586
124 124 0.0144976
125 124 -0.0072317
124 125 -0.0072317
125 125 0.0144301
126 125 -0.00719839
125 126 -0.00719839
126 126 0.0143633
127 126 -0.00716486
126 127 -0.00716486
127 127 0.0142955
128 127 -0.00713063
127 128 -0.00713063
128 128 0.0142279
129 128 -0.00709723
128 129 -0.00709723
129 129 0.0141619
130 129 -0.00706464
129 130 -0.00706464
130 130 0.014096
131 130 -0.00703136
130 131 -0.00703136
131 131 0.0140293
132 131 -0.0069979
131 132 -0.0069979
132 132 0.0139631
133 132 -0.00696524
132 133 -0.00696524
133 133 0.0138981
134 133 -0.00693289
133 134 -0.00693289
134 134 0.0138332
135 134 -0.00690036
134 135 -0.00690036
135 135 0.0137685
136 135 -0.00686813
135 136 -0.00686813
136 136 0.0137039
137 136 -0.00683574
136 137 -0.00683574
137 137 0.0136394
138 137 -0.00680365
137 138 -0.00680365
138 138 0.0135755
139 138 -0.00677186
138 139 -0.00677186
139 139 0.0135122
140 139 -0.00674036
139 140 -0.00674036
140 140 0.0134491
141 140 -0.00670871
140 141 -0.00670871
141 141 0.0133856
142 141 -0.0066769
141 142 -0.0066769
142 142 0.0133227
143 142 -0.00664584
142 143 -0.00664584
143 143 0.0132605
144 143 -0.00661463
143 144 -0.00661463
144 144 0.0131983
145 144 -0.00658371
144 145 -0.00658371
145 145 0.0131368
146 145 -0.00655308
145 146 -0.00655308
146 146 0.0130754
147 146 -0.00652231
146 147 -0.00652231
147 147 0.0130137
148 147 -0.0064914
147 148 -0.0064914
148 148 0.0129526
149 148 -0.0064612
148 149 -0.0064612
149 149 0.0128925
150 149 -0.00643128
149 150 -0.00643128
150 150 0.0128321
151 150 -0.00640082
150 151 -0.00640082
151 151 0.0127715
152 151 -0.00637064
151 152 -0.00637064
152 152 0.0127114
153 152 -0.00634075
152 153 -0.00634075
153 153 0.0126519
154 153 -0.00631114
153 154 -0.00631114
154 154 0.0125929
155 154 -0.0062818
154 155 -0.0062818
155 155 0.0125341
156 155 -0.00625234
155 156 -0.00625234
156 156 0.0124755
157 156 -0.00622316
156 157 -0.00622316
157 157 0.012417
158 157 -0.00619387
157 158 -0.00619387
158 158 0.0123587
159 158 -0.00616485
158 159 -0.00616485
159 159 0.0123009
160 159 -0.0061361
159 160 -0.0061361
160 160 0.012243
161 160 -0.00610687
160 161 -0.00610687
161 161 0.0121852
162 161 -0.00607829
161 162 -0.00607829
162 162 0.0121286
163 162 -0.00605034
162 163 -0.00605034
163 163 0.0120723
164 163 -0.00602192
163 164 -0.00602192
164 164 0.0120153
165 164 -0.00599341
164 165 -0.00599341
165 165 0.0119589
166 165 -0.00596552
165 166 -0.00596552
166 166 0.0119031
167 166 -0.00593754
166 167 -0.00593754
167 167 0.011847
168 167 -0.00590947
167 168 -0.00590947
168 168 0.0117929
169 168 -0.00588339
168 169 -0.00588339
169 169 0.0117396
170 169 -0.00585617
169 170 -0.00585617
170 170 0.0116803
171 170 -0.00582411
170 171 -0.00582411
171 171 0.0116212
172 171 -0.0057971
171 172 -0.0057971
172 172 0.0115708
173 172 -0.00577367
172 173 -0.00577367
173 173 0.0115208
174 173 -0.00574713
173 174 -0.00574713
174 174 0.0114647
175 174 -0.00571755
174 175 -0.00571755
175 175 0.0114091
176 175 -0.00569152
175 176 -0.00569152
176 176 0.0113572
177 176 -0.00566572
176 177 -0.00566572
177 177 0.0113027
178 177 -0.00563698
177 178 -0.00563698
178 178 0.0112487
179 178 -0.00561167
178 179 -0.00561167
179 179 0.0111983
180 179 -0.00558659
179 180 -0.00558659
180 180 0.0111483
181 180 -0.00556174
180 181 -0.00556174
181 181 0.0110958
182 181 -0.00553403
181 182 -0.00553403
182 182 0.0110406
183 182 -0.00550661
182 183 -0.00550661
183 183 0.0109891
184 183 -0.00548246
183 184 -0.00548246
184 184 0.010938
185 184 -0.00545554
184 185 -0.00545554
185 185 0.0108844
186 185 -0.00542888
185 186 -0.00542888
186 186 0.0108343
187 186 -0.00540541
186 187 -0.00540541
187 187 0.0107875
188 187 -0.00538213
187 188 -0.00538213
188 188 0.0107383
189 188 -0.00535619
188 189 -0.00535619
189 189 0.0106838
190 189 -0.00532765
189 190 -0.00532765
190 190 0.0106327
191 190 -0.00530504
190 191 -0.00530504
191 191 0.0105849
192 191 -0.00527983
191 192 -0.00527983
192 192 0.0105347
193 192 -0.00525486
192 193 -0.00525486
193 193 0.010485
194 193 -0.00523013
193 194 -0.00523013
194 194 0.0104357
195 194 -0.00520562
194 195 -0.00520562
195 195 0.010387
196 195 -0.00518135
195 196 -0.00518135
196 196 0.0103386
197 196 -0.0051573
196 197 -0.0051573
197 197 0.0102908
198 197 -0.00513347
197 198 -0.00513347
198 198 0.0102407
199 198 -0.00510725
198 199 -0.00510725
199 199 0.0101937
200 199 -0.00508647
199 200 -0.00508647
200 200 0.0101498
201 200 -0.00506329
200 201 -0.00506329
201 201 0.0101011
202 201 -0.00503778
201 202 -0.00503778
202 202 0.0100503
203 202 -0.00501253
202 203 -0.00501253
203 203 0.0100026
204 203 -0.00499002
203 204 -0.00499002
204 204 0.00995773
205 204 -0.00496771
204 205 -0.00496771
205 205 0.00991086
206 205 -0.00494315
205 206 -0.00494315
206 206 0.00986441
207 206 -0.00492126
206 207 -0.00492126
207 207 0.00981842
208 207 -0.00489716
207 208 -0.00489716
208 208 0.00977045
209 208 -0.00487329
208 209 -0.00487329
209 209 0.00972531
210 209 -0.00485201
209 210 -0.00485201
210 210 0.0096806
211 210 -0.00482859
210 211 -0.00482859
211 211 0.00963628
212 211 -0.00480769
211 212 -0.00480769
212 212 0.00959238
213 212 -0.00478469
212 213 -0.00478469
213 213 0.00954433
214 213 -0.00475964
213 214 -0.00475964
214 214 0.00949897
215 214 -0.00473934
214 215 -0.00473934
215 215 0.00945854
216 215 -0.00471921
215 216 -0.00471921
216 216 0.00941404
217 216 -0.00469484
216 217 -0.00469484
217 217 0.00936773
218 217 -0.0046729
217 218 -0.0046729
218 218 0.00932406
219 218 -0.00465116
218 219 -0.00465116
219 219 0.00927865
220 219 -0.00462749
219 220 -0.00462749
220 220 0.00923578
221 220 -0.00460829
220 221 -0.00460829
221 221 0.00919545
222 221 -0.00458716
221 222 -0.00458716
222 222 0.00915128
223 222 -0.00456413
222 223 -0.00456413
223 223 0.00910752
224 223 -0.00454339
223 224 -0.00454339
224 224 0.00906419
225 224 -0.0045208
224 225 -0.0045208
225 225 0.00902125
226 225 -0.00450045
225 226 -0.00450045
226 226 0.00898074
227 226 -0.00448029
226 227 -0.00448029
227 227 0.0089386
228 227 -0.00445831
227 228 -0.00445831
228 228 0.00889487
229 228 -0.00443656
228 229 -0.00443656
229 229 0.00885352
230 229 -0.00441696
229 230 -0.00441696
230 230 0.0088145
231 230 -0.00439754
230 231 -0.00439754
231 231 0.00877199
232 231 -0.00437445
231 232 -0.00437445
232 232 0.00872796
233 232 -0.0043535
232 233 -0.0043535
233 233 0.00868814
234 233 -0.00433463
233 234 -0.00433463
234 234 0.00865056
235 234 -0.00431593
234 235 -0.00431593
235 235 0.00861146
236 235 -0.00429553
235 236 -0.00429553
236 236 0.00856904
237 236 -0.0042735
236 237 -0.0042735
237 237 0.00852701
238 237 -0.00425351
237 238 -0.00425351
238 238 0.00848721
239 238 -0.0042337
238 239 -0.0042337
239 239 0.00844778
240 239 -0.00421408
239 240 -0.00421408
240 240 0.00840871
241 240 -0.00419463
240 241 -0.00419463
241 241 0.00837
242 241 -0.00417537
241 242 -0.00417537
242 242 0.00832991
243 242 -0.00415455
242 243 -0.00415455
243 243 0.0082902
244 243 -0.00413565
243 244 -0.00413565
244 244 0.00825257
245 244 -0.00411692
244 245 -0.00411692
245 245 0.0082136
246 245 -0.00409668
245 246 -0.00409668
246 246 0.00817499
247 246 -0.0040783
246 247 -0.0040783
247 247 0.00813674
248 247 -0.00405844
247 248 -0.00405844
248 248 0.00809885
249 248 -0.0040404
248 249 -0.0040404
249 249 0.00806131
250 249 -0.00402091
249 250 -0.00402091
250 250 0.00802251
251 250 -0.0040016
250 251 -0.0040016
251 251 0.00798566
252 251 -0.00398406
251 252 -0.00398406
252 252 0.00794917
253 252 -0.00396511
252 253 -0.00396511
253 253 0.00790988
254 253 -0.00394477
253 254 -0.00394477
254 254 0.00787096
255 254 -0.00392619
254 255 -0.00392619
255 255 0.00783549
256 255 -0.0039093
255 256 -0.0039093
256 256 0.00780035
257 256 -0.00389105
256 257 -0.00389105
257 257 0.00776402
258 257 -0.00387297
257 258 -0.00387297
258 258 0.00772802
259 258 -0.00385505
258 259 -0.00385505
259 259 0.00769235
260 259 -0.0038373
259 260 -0.0038373
260 260 0.00765555
261 260 -0.00381825
260 261 -0.00381825
261 261 0.00761764
262 261 -0.00379939
261 262 -0.00379939
262 262 0.00758154
263 262 -0.00378215
262 263 -0.00378215
263 263 0.00754721
264 263 -0.00376506
263 264 -0.00376506
264 264 0.00751319
265 264 -0.00374813
264 265 -0.00374813
265 265 0.00747808
266 265 -0.00372995
265 266 -0.00372995
266 266 0.0074419
267 266 -0.00371195
266 267 -0.00371195
267 267 0.00740744
268 267 -0.00369549
267 268 -0.00369549
268 268 0.00737331
269 268 -0.00367782
268 269 -0.00367782
269 269 0.00733814
270 269 -0.00366032
269 270 -0.00366032
270 270 0.00730331
271 270 -0.00364299
270 271 -0.00364299
271 271 0.0072688
272 271 -0.00362582
271 272 -0.00362582
272 272 0.00723592
273 272 -0.00361011
272 273 -0.00361011
273 273 0.00720335
274 273 -0.00359324
273 274 -0.00359324
274 274 0.0071685
275 274 -0.00357526
274 275 -0.00357526
275 275 0.00713398
276 275 -0.00355872
275 276 -0.00355872
276 276 0.00710105
277 276 -0.00354233
276 277 -0.00354233
277 277 0.00706718
278 277 -0.00352485
277 278 -0.00352485
278 278 0.00703362
279 278 -0.00350877
278 279 -0.00350877
279 279 0.00700161
280 279 -0.00349284
279 280 -0.00349284
280 280 0.00696868
281 280 -0.00347584
280 281 -0.00347584
281 281 0.00693485
282 281 -0.00345901
281 282 -0.00345901
282 282 0.00690254
283 282 -0.00344353
282 283 -0.00344353
283 283 0.00687171
284 283 -0.00342818
283 284 -0.00342818
284 284 0.00683998
285 284 -0.0034118
284 285 -0.0034118
285 285 0.00680739
286 285 -0.00339559
285 286 -0.00339559
286 286 0.00677511
287 286 -0.00337952
286 287 -0.00337952
287 287 0.00674313
288 287 -0.00336361
287 288 -0.00336361
288 288 0.00671145
289 288 -0.00334784
288 289 -0.00334784
289 289 0.00668006
290 289 -0.00333222
289 290 -0.00333222
290 290 0.00664897
291 290 -0.00331675
290 291 -0.00331675
291 291 0.00661817
292 291 -0.00330142
291 292 -0.00330142
292 292 0.00658657
293 292 -0.00328515
292 293 -0.00328515
293 293 0.00655526
294 293 -0.00327011
293 294 -0.00327011
294 294 0.00652532
295 294 -0.00325521
294 295 -0.00325521
295 295 0.0064946
296 295 -0.00323939
295 296 -0.00323939
296 296 0.00646416
297 296 -0.00322477
296 297 -0.00322477
297 297 0.00643401
298 297 -0.00320924
297 298 -0.00320924
298 298 0.00640311
299 298 -0.00319387
298 299 -0.00319387
299 299 0.00637352
300 299 -0.00317965
299 300 -0.00317965
300 300 0.00634421
301 300 -0.00316456
300 301 -0.00316456
301 301 0.00631416
302 301 -0.00314961
301 302 -0.00314961
302 302 0.0062844
303 302 -0.0031348
302 303 -0.0031348
303 303 0.00625492
304 303 -0.00312012
303 304 -0.00312012
304 304 0.00622571
305 304 -0.00310559
304 305 -0.00310559
305 305 0.00619678
306 305 -0.00309119
305 306 -0.00309119
306 306 0.00616811
307 306 -0.00307692
306 307 -0.00307692
307 307 0.00613877
308 307 -0.00306185
307 308 -0.00306185
308 308 0.0061097
309 308 -0.00304785
308 309 -0.00304785
309 309 0.00608183
310 309 -0.00303398
309 310 -0.00303398
310 310 0.0060533
311 310 -0.00301932
310 311 -0.00301932
311 311 0.00602413
312 311 -0.00300481
311 312 -0.00300481
312 312 0.00599613
313 312 -0.00299133
312 313 -0.00299133
313 313 0.0059684
314 313 -0.00297708
313 314 -0.00297708
314 314 0.00594004
315 314 -0.00296296
314 315 -0.00296296
315 315 0.00591282
316 315 -0.00294985
315 316 -0.00294985
316 316 0.00588499
317 316 -0.00293513
316 317 -0.00293513
317 317 0.00585655
318 317 -0.00292141
317 318 -0.00292141
318 318 0.00582924
319 318 -0.00290782
318 319 -0.00290782
319 319 0.00580218
320 319 -0.00289436
319 320 -0.00289436
320 320 0.00577537
321 320 -0.00288101
320 321 -0.00288101
321 321 0.00574799
322 321 -0.00286697
321 322 -0.00286697
322 322 0.00572085
323 322 -0.00285388
322 323 -0.00285388
323 323 0.00569479
324 323 -0.00284091
323 324 -0.00284091
324 324 0.00566816
325 324 -0.00282725
324 325 -0.00282725
325 325 0.00564099
326 325 -0.00281373
325 326 -0.00281373
326 326 0.00561485
327 326 -0.00280112
326 327 -0.00280112
327 327 0.00558897
328 327 -0.00278784
327 328 -0.00278784
328 328 0.00556177
329 328 -0.00277393
328 329 -0.00277393
329 329 0.00553559
330 329 -0.00276167
329 330 -0.00276167
330 330 0.00551043
331 330 -0.00274876
330 331 -0.00274876
331 331 0.00548399
332 331 -0.00273523
331 332 -0.00273523
332 332 0.00545854
333 332 -0.00272331
332 333 -0.00272331
333 333 0.00543407
334 333 -0.00271076
333 334 -0.00271076
334 334 0.00540836
335 334 -0.0026976
334 335 -0.0026976
335 335 0.00538216
336 335 -0.00268456
335 336 -0.00268456
336 336 0.00535693
337 336 -0.00267237
336 337 -0.00267237
337 337 0.00533194
338 337 -0.00265957
337 338 -0.00265957
338 338 0.00530648
339 338 -0.0026469
338 339 -0.0026469
339 339 0.00528195
340 339 -0.00263505
339 340 -0.00263505
340 340 0.00525765
341 340 -0.00262261
340 341 -0.00262261
341 341 0.00523289
342 341 -0.00261028
341 342 -0.00261028
342 342 0.00520836
343 342 -0.00259808
342 343 -0.00259808
343 343 0.00518406
344 343 -0.00258598
343 344 -0.00258598
344 344 0.00515999
345 344 -0.002574
344 345 -0.002574
345 345 0.00513548
346 345 -0.00256148
345 346 -0.00256148
346 346 0.00511119
347 346 -0.00254972
346 347 -0.00254972
347 347 0.00508779
348 347 -0.00253807
347 348 -0.00253807
348 348 0.00506396
349 348 -0.00252589
348 349 -0.00252589
349 349 0.00503972
350 349 -0.00251383
349 350 -0.00251383
350 350 0.0050157
351 350 -0.00250188
350 351 -0.00250188
351 351 0.00499254
352 351 -0.00249066
351 352 -0.00249066
352 352 0.00496959
353 352 -0.00247893
352 353 -0.00247893
353 353 0.00494624
354 353 -0.00246731
353 354 -0.00246731
354 354 0.0049231
355 354 -0.0024558
354 355 -0.0024558
355 355 0.00489959
356 355 -0.00244379
355 356 -0.00244379
356 356 0.00487629
357 356 -0.0024325
356 357 -0.0024325
357 357 0.00485381
358 357 -0.00242131
357 358 -0.00242131
358 358 0.00483153
359 358 -0.00241022
358 359 -0.00241022
359 359 0.00480888
360 359 -0.00239866
359 360 -0.00239866
360 360 0.00478586
361 360 -0.0023872
360 361 -0.0023872
361 361 0.00476363
362 361 -0.00237643
361 362 -0.00237643
362 362 0.00474161
363 362 -0.00236518
362 363 -0.00236518
363 363 0.00471923
364 363 -0.00235405
363 364 -0.00235405
364 364 0.00469707
365 364 -0.00234302
364 365 -0.00234302
365 365 0.00467511
366 365 -0.00233209
365 366 -0.00233209
366 366 0.00465335
367 366 -0.00232126
366 367 -0.00232126
367 367 0.00463127
368 367 -0.00231
367 368 -0.00231
368 368 0.00460938
369 368 -0.00229938
368 369 -0.00229938
369 369 0.00458823
370 369 -0.00228885
369 370 -0.00228885
370 370 0.00456676
371 370 -0.0022779
370 371 -0.0022779
371 371 0.00454496
372 371 -0.00226706
371 372 -0.00226706
372 372 0.00452338
373 372 -0.00225632
372 373 -0.00225632
373 373 0.0045025
374 373 -0.00224618
373 374 -0.00224618
374 374 0.00448182
375 374 -0.00223564
374 375 -0.00223564
375 375 0.00446083
376 375 -0.00222519
375 376 -0.00222519
376 376 0.00444003
377 376 -0.00221484
376 377 -0.00221484
377 377 0.00441894
378 377 -0.0022041
377 378 -0.0022041
378 378 0.00439804
379 378 -0.00219394
378 379 -0.00219394
379 379 0.00437783
380 379 -0.00218388
379 380 -0.00218388
380 380 0.00435732
381 380 -0.00217344
380 381 -0.00217344
381 381 0.00433654
382 381 -0.0021631
381 382 -0.0021631
382 382 0.00431595
383 382 -0.00215285
382 383 -0.00215285
383 383 0.00429602
384 383 -0.00214316
383 384 -0.00214316
384 384 0.00427627
385 384 -0.00213311
384 385 -0.00213311
385 385 0.0042558
386 385 -0.00212269
385 386 -0.00212269
386 386 0.00423552
387 386 -0.00211282
386 387 -0.00211282
387 387 0.00421587
388 387 -0.00210305
387 388 -0.00210305
388 388 0.00419641
389 388 -0.00209336
388 389 -0.00209336
389 389 0.00417713
390 389 -0.00208377
389 390 -0.00208377
390 390 0.0041576
391 390 -0.00207383
390 391 -0.00207383
391 391 0.00413781
392 391 -0.00206398
391 392 -0.00206398
392 392 0.00411822
393 392 -0.00205423
392 393 -0.00205423
393 393 0.0040988
394 393 -0.00204457
393 394 -0.00204457
394 394 0.00407957
395 394 -0.002035
394 395 -0.002035
395 395 0.00406052
396 395 -0.00202552
395 396 -0.00202552
396 396 0.00404165
397 396 -0.00201613
396 397 -0.00201613
397 397 0.00402295
398 397 -0.00200682
397 398 -0.00200682
398 398 0.00400403
399 398 -0.0019972
398 399 -0.0019972
399 399 0.00398488
400 399 -0.00198768
399 400 -0.00198768
400 400 0.00396631
401 400 -0.00197863
400 401 -0.00197863
401 401 0.00394791
402 401 -0.00196928
401 402 -0.00196928
402 402 0.00392929
403 402 -0.00196002
402 403 -0.00196002
403 403 0.00391085
404 403 -0.00195084
403 404 -0.00195084
404 404 0.00389259
405 404 -0.00194175
404 405 -0.00194175
405 405 0.00387449
406 405 -0.00193274
405 406 -0.00193274
406 406 0.00385656
407 406 -0.00192382
406 407 -0.00192382
407 407 0.00383843
408 407 -0.00191461
407 408 -0.00191461
408 408 0.0038201
409 408 -0.00190549
408 409 -0.00190549
409 409 0.0038023
410 409 -0.00189681
409 410 -0.00189681
410 410 0.00378467
411 410 -0.00188786
410 411 -0.00188786
411 411 0.00376685
412 411 -0.00187899
411 412 -0.00187899
412 412 0.0037492
413 412 -0.00187021
412 413 -0.00187021
413 413 0.00373137
414 413 -0.00186116
413 414 -0.00186116
414 414 0.0037137
415 414 -0.00185254
414 415 -0.00185254
415 415 0.00369654
416 415 -0.001844
415 416 -0.001844
416 416 0.00367953
417 416 -0.00183554
416 417 -0.00183554
417 417 0.00366235
418 417 -0.00182682
417 418 -0.00182682
418 418 0.003645
419 418 -0.00181818
418 419 -0.00181818
419 419 0.00362781
420 419 -0.00180963
419 420 -0.00180963
420 420 0.00361078
421 420 -0.00180115
420 421 -0.00180115
421 421 0.00359391
422 421 -0.00179276
421 422 -0.00179276
422 422 0.00357688
423 422 -0.00178412
422 423 -0.00178412
423 423 0.00356032
424 423 -0.0017762
423 424 -0.0017762
424 424 0.00354392
425 424 -0.00176772
424 425 -0.00176772
425 425 0.00352705
426 425 -0.00175932
425 426 -0.00175932
426 426 0.00351064
427 426 -0.00175131
426 427 -0.00175131
427 427 0.00349408
428 427 -0.00174277
427 428 -0.00174277
428 428 0.00347737
429 428 -0.00173461
428 429 -0.00173461
429 429 0.00346142
430 429 -0.00172682
429 430 -0.00172682
430 430 0.00344562
431 430 -0.0017188
430 431 -0.0017188
431 431 0.00342938
432 431 -0.00171057
431 432 -0.00171057
432 432 0.00341299
433 432 -0.00170242
432 433 -0.00170242
433 433 0.00339676
434 433 -0.00169434
433 434 -0.00169434
434 434 0.00338097
435 434 -0.00168663
434 435 -0.00168663
435 435 0.00336532
436 435 -0.0016787
435 436 -0.0016787
436 436 0.00334954
437 436 -0.00167084
436 437 -0.00167084
437 437 0.00333391
438 437 -0.00166306
437 438 -0.00166306
438 438 0.00331814
439 438 -0.00165508
438 439 -0.00165508
439 439 0.00330253
440 439 -0.00164745
439 440 -0.00164745
440 440 0.00328706
441 440 -0.00163961
440 441 -0.00163961
441 441 0.00327173
442 441 -0.00163212
441 442 -0.00163212
442 442 0.00325655
443 442 -0.00162443
442 443 -0.00162443
443 443 0.00324098
444 443 -0.00161655
443 444 -0.00161655
444 444 0.00322582
445 444 -0.00160927
444 445 -0.00160927
445 445 0.00321106
446 445 -0.00160179
445 446 -0.00160179
446 446 0.00319593
447 446 -0.00159413
446 447 -0.00159413
447 447 0.00318093
448 447 -0.0015868
447 448 -0.0015868
448 448 0.00316608
449 448 -0.00157928
448 449 -0.00157928
449 449 0.00315111
450 449 -0.00157183
449 450 -0.00157183
450 450 0.00313629
451 450 -0.00156446
450 451 -0.00156446
451 451 0.0031216
452 451 -0.00155715
451 452 -0.00155715
452 452 0.00310705
453 452 -0.00154991
452 453 -0.00154991
453 453 0.0030924
454 453 -0.0015425
453 454 -0.0015425
454 454 0.00307789
455 454 -0.00153539
454 455 -0.00153539
455 455 0.00306374
456 455 -0.00152835
455 456 -0.00152835
456 456 0.00304949
457 456 -0.00152114
456 457 -0.00152114
457 457 0.00303492
458 457 -0.00151378
457 458 -0.00151378
458 458 0.00302048
459 458 -0.0015067
458 459 -0.0015067
459 459 0.0030064
460 459 -0.0014997
459 460 -0.0014997
460 460 0.00299246
461 460 -0.00149276
460 461 -0.00149276
461 461 0.00297864
462 461 -0.00148588
461 462 -0.00148588
462 462 0.00296452
463 462 -0.00147863
462 463 -0.00147863
463 463 0.0029503
464 463 -0.00147167
463 464 -0.00147167
464 464 0.00293666
465 464 -0.00146499
464 465 -0.00146499
465 465 0.00292314
466 465 -0.00145815
465 466 -0.00145815
466 466 0.00290953
467 466 -0.00145138
466 467 -0.00145138
467 467 0.00289584
468 467 -0.00144446
467 468 -0.00144446
468 468 0.00288207
469 468 -0.00143761
468 469 -0.00143761
469 469 0.00286863
470 469 -0.00143102
469 470 -0.00143102
470 470 0.00285532
471 470 -0.0014243
470 471 -0.0014243
471 471 0.00284173
472 471 -0.00141743
471 472 -0.00141743
472 472 0.00282827
473 472 -0.00141084
472 473 -0.00141084
473 473 0.00281513
474 473 -0.0014043
473 474 -0.0014043
474 474 0.00280212
475 474 -0.00139782
474 475 -0.00139782
475 475 0.00278903
476 475 -0.00139121
475 476 -0.00139121
476 476 0.00277587
477 476 -0.00138466
476 477 -0.00138466
477 477 0.00276283
478 477 -0.00137817
477 478 -0.00137817
478 478 0.00274991
479 478 -0.00137174
478 479 -0.00137174
479 479 0.00273712
480 479 -0.00136537
479 480 -0.00136537
480 480 0.00272425
481 480 -0.00135888
480 481 -0.00135888
481 481 0.00271151
482 481 -0.00135263
481 482 -0.00135263
482 482 0.00269889
483 482 -0.00134626
482 483 -0.00134626
483 483 0.00268602
484 483 -0.00133976
483 484 -0.00133976
484 484 0.00267328
485 484 -0.00133351
484 485 -0.00133351
485 485 0.002661
486 485 -0.00132749
485 486 -0.00132749
486 486 0.00264867
487 486 -0.00132118
486 487 -0.00132118
487 487 0.0026361
488 487 -0.00131492
487 488 -0.00131492
488 488 0.00262365
489 488 -0.00130873
488 489 -0.00130873
489 489 0.00261132
490 489 -0.00130259
489 490 -0.00130259
490 490 0.00259927
491 490 -0.00129668
490 491 -0.00129668
491 491 0.00258717
492 491 -0.00129049
491 492 -0.00129049
492 492 0.00257485
493 492 -0.00128436
492 493 -0.00128436
493 493 0.0025628
494 493 -0.00127845
493 494 -0.00127845
494 494 0.00255087
495 494 -0.00127243
494 495 -0.00127243
495 495 0.00253889
496 495 -0.00126646
495 496 -0.00126646
496 496 0.00252702
497 496 -0.00126056
496 497 -0.00126056
497 497 0.00251526
498 497 -0.00125471
497 498 -0.00125471
498 498 0.00250346
499 498 -0.00124875
498 499 -0.00124875
499 499 0.0024916
500 499 -0.00124285
499 500 -0.00124285
500 500 0.00248002
501 500 -0.00123716
500 501 -0.00123716
501 501 0.00246839
502 501 -0.00123122
501 502 -0.00123122
502 502 0.00245671
503 502 -0.00122549
502 503 -0.00122549
503 503 0.0024453
504 503 -0.00121981
503 504 -0.00121981
504 504 0.00243384
505 504 -0.00121403
504 505 -0.00121403
505 505 0.00242235
506 505 -0.00120831
505 506 -0.00120831
506 506 0.00241096
507 506 -0.00120265
506 507 -0.00120265
507 507 0.00239982
508 507 -0.00119717
507 508 -0.00119717
508 508 0.00238864
509 508 -0.00119147
508 509 -0.00119147
509 509 0.00237729
510 509 -0.00118582
509 510 -0.00118582
510 510 0.00236618
511 510 -0.00118036
510 511 -0.00118036
511 511 0.00235517
512 511 -0.00117481
511 512 -0.00117481
512 512 0.00234413
513 512 -0.00116932
512 513 -0.00116932
513 513 0.00233319
514 513 -0.00116387
513 514 -0.00116387
514 514 0.00232222
515 514 -0.00115835
514 515 -0.00115835
515 515 0.00231122
516 515 -0.00115287
515 516 -0.00115287
516 516 0.00230045
517 516 -0.00114758
516 517 -0.00114758
517 517 0.00228978
518 517 -0.0011422
517 518 -0.0011422
518 518 0.00227896
519 518 -0.00113675
518 519 -0.00113675
519 519 0.00226823
520 519 -0.00113148
519 520 -0.00113148
520 520 0.00225773
521 520 -0.00112625
520 521 -0.00112625
521 521 0.00224708
522 521 -0.00112082
521 522 -0.00112082
522 522 0.0022364
523 522 -0.00111557
522 523 -0.00111557
523 523 0.00222607
524 523 -0.00111049
523 524 -0.00111049
524 524 0.00221571
525 524 -0.00110522
524 525 -0.00110522
525 525 0.00220521
526 525 -0.00109999
525 526 -0.00109999
526 526 0.00219492
527 526 -0.00109493
526 527 -0.00109493
527 527 0.00218473
528 527 -0.0010898
527 528 -0.0010898
528 528 0.0021744
529 528 -0.0010846
528 529 -0.0010846
529 529 0.00216416
530 529 -0.00107956
529 530 -0.00107956
530 530 0.00215414
531 530 -0.00107458
530 531 -0.00107458
531 531 0.00214409
532 531 -0.00106952
531 532 -0.00106952
532 532 0.00213403
533 532 -0.00106451
532 533 -0.00106451
533 533 0.00212394
534 533 -0.00105943
533 534 -0.00105943
534 534 0.00211395
535 534 -0.00105452
534 535 -0.00105452
535 535 0.00210417
536 535 -0.00104965
535 536 -0.00104965
536 536 0.00209425
537 536 -0.0010446
536 537 -0.0010446
537 537 0.00208432
538 537 -0.00103972
537 538 -0.00103972
538 538 0.00207459
539 538 -0.00103488
538 539 -0.00103488
539 539 0.00206495
540 539 -0.00103008
539 540 -0.00103008
540 540 0.0020553
541 540 -0.00102522
540 541 -0.00102522
541 541 0.00204563
542 541 -0.00102041
541 542 -0.00102041
542 542 0.00203605
543 542 -0.00101564
542 543 -0.00101564
543 543 0.00202646
544 543 -0.00101082
543 544 -0.00101082
544 544 0.00201695
545 544 -0.00100614
544 545 -0.00100614
545 545 0.00200764
546 545 -0.0010015
545 546 -0.0010015
546 546 0.00199821
547 546 -0.000996711
546 547 -0.000996711
547 547 0.00198877
548 547 -0.000992063
547 548 -0.000992063
548 548 0.00197952
549 548 -0.000987459
548 549 -0.000987459
549 549 0.00197016
550 549 -0.000982704
549 550 -0.000982704
550 550 0.00196118
551 550 -0.000978474
550 551 -0.000978474
551 551 0.00195218
552 551 -0.00097371
551 552 -0.00097371
552 552 0.0019427
553 552 -0.000968992
552 553 -0.000968992
553 553 0.00193331
554 553 -0.00096432
553 554 -0.00096432
554 554 0.00192401
555 554 -0.000959693
554 555 -0.000959693
555 555 0.00191572
556 555 -0.000956023
555 556 -0.000956023
556 556 0.0019075
557 556 -0.000951475
556 557 -0.000951475
557 557 0.00189755
558 557 -0.000946074
557 558 -0.000946074
558 558 0.00188769
559 558 -0.00094162
558 559 -0.00094162
559 559 0.00187971
560 559 -0.000938086
559 560 -0.000938086
560 560 0.00187179
561 560 -0.000933707
560 561 -0.000933707
561 561 0.00186221
562 561 -0.000928505
561 562 -0.000928505
562 562 0.00185272
563 562 -0.000924214
562 563 -0.000924214
563 563 0.00184418
564 563 -0.000919963
563 564 -0.000919963
564 564 0.00183571
565 564 -0.000915751
564 565 -0.000915751
565 565 0.00182816
566 565 -0.000912409
565 566 -0.000912409
566 566 0.00181985
567 566 -0.000907441
566 567 -0.000907441
567 567 0.00180997
568 567 -0.000902527
567 568 -0.000902527
568 568 0.00180181
569 568 -0.000899281
568 569 -0.000899281
569 569 0.00179454
570 569 -0.000895255
569 570 -0.000895255
570 570 0.00178573
571 570 -0.000890472
570 571 -0.000890472
571 571 0.00177621
572 571 -0.00088574
571 572 -0.00088574
572 572 0.00176757
573 572 -0.000881834
572 573 -0.000881834
573 573 0.0017598
574 573 -0.000877963
573 574 -0.000877963
574 574 0.00175209
575 574 -0.000874126
574 575 -0.000874126
575 575 0.00174445
576 575 -0.000870322
575 576 -0.000870322
576 576 0.00173612
577 576 -0.000865801
576 577 -0.000865801
577 577 0.00172713
578 577 -0.000861326
577 578 -0.000861326
578 578 0.00171896
579 578 -0.000857633
578 579 -0.000857633
579 579 0.0017116
580 579 -0.000853971
579 580 -0.000853971
580 580 0.00170359
581 580 -0.000849618
580 581 -0.000849618
581 581 0.00169493
582 581 -0.000845309
581 582 -0.000845309
582 582 0.00168706
583 582 -0.000841751
582 583 -0.000841751
583 583 0.00167997
584 583 -0.000838223
583 584 -0.000838223
584 584 0.00167225
585 584 -0.000834028
584 585 -0.000834028
585 585 0.0016639
586 585 -0.000829876
585 586 -0.000829876
586 586 0.00165564
587 586 -0.000825764
586 587 -0.000825764
587 587 0.00164746
588 587 -0.000821693
587 588 -0.000821693
588 588 0.00164002
589 588 -0.000818331
588 589 -0.000818331
589 589 0.00163333
590 589 -0.000814996
589 590 -0.000814996
590 590 0.00162537
591 590 -0.000810373
590 591 -0.000810373
591 591 0.00161682
592 591 -0.000806452
591 592 -0.000806452
592 592 0.00160966
593 592 -0.000803213
592 593 -0.000803213
593 593 0.00160257
594 593 -0.000799361
593 594 -0.000799361
594 594 0.00159491
595 594 -0.000795545
594 595 -0.000795545
595 595 0.00158731
596 595 -0.000791766
595 596 -0.000791766
596 596 0.00157979
597 596 -0.000788022
596 597 -0.000788022
597 597 0.00157295
598 597 -0.000784929
597 598 -0.000784929
598 598 0.00156618
599 598 -0.00078125
598 599 -0.00078125
599 599 0.00155825
600 599 -0.000777001
599 600 -0.000777001
600 600 0.0015504
601 600 -0.000773395
600 601 -0.000773395
601 601 0.00154322
602 601 -0.000769823
601 602 -0.000769823
602 602 0.00153611
603 602 -0.000766284
602 603 -0.000766284
603 603 0.00152906
604 603 -0.000762777
603 604 -0.000762777
604 604 0.0015215
605 604 -0.000758725
604 605 -0.000758725
605 605 0.00151401
606 605 -0.000755287
605 606 -0.000755287
606 606 0.00150717
607 606 -0.00075188
606 607 -0.00075188
607 607 0.00150038
608 607 -0.000748503
607 608 -0.000748503
608 608 0.00149366
609 608 -0.000745156
608 609 -0.000745156
609 609 0.00148645
610 609 -0.00074129
609 610 -0.00074129
610 610 0.0014793
611 610 -0.000738007
610 611 -0.000738007
611 611 0.00147276
612 611 -0.000734754
611 612 -0.000734754
612 612 0.00146575
613 612 -0.000730994
612 613 -0.000730994
613 613 0.0014588
614 613 -0.000727802
613 614 -0.000727802
614 614 0.00145244
615 614 -0.000724638
614 615 -0.000724638
615 615 0.0014451
616 615 -0.000720461
615 616 -0.000720461
616 616 0.00143782
617 616 -0.00071736
616 617 -0.00071736
617 617 0.00143165
618 617 -0.000714286
617 618 -0.000714286
618 618 0.00142502
619 618 -0.000710732
618 619 -0.000710732
619 619 0.00141795
620 619 -0.000707214
619 620 -0.000707214
620 620 0.00141144
621 620 -0.000704225
620 621 -0.000704225
621 621 0.00140549
622 621 -0.000701262
621 622 -0.000701262
622 622 0.00139861
623 622 -0.00069735
622 623 -0.00069735
623 623 0.00139131
624 623 -0.000693963
623 624 -0.000693963
624 624 0.00138505
625 624 -0.000691085
624 625 -0.000691085
625 625 0.00137884
626 625 -0.000687758
625 626 -0.000687758
626 626 0.00137222
627 626 -0.000684463
626 627 -0.000684463
627 627 0.00136613
628 627 -0.000681663
627 628 -0.000681663
628 628 0.00136009
629 628 -0.000678426
628 629 -0.000678426
629 629 0.00135319
630 629 -0.000674764
629 630 -0.000674764
630 630 0.00134636
631 630 -0.000671592
630 631 -0.000671592
631 631 0.00134049
632 631 -0.000668896
631 632 -0.000668896
632 632 0.00133468
633 632 -0.000665779
632 633 -0.000665779
633 633 0.00132803
634 633 -0.000662252
633 634 -0.000662252
634 634 0.00132145
635 634 -0.000659196
634 635 -0.000659196
635 635 0.00131536
636 635 -0.000656168
635 636 -0.000656168
636 636 0.00130934
637 636 -0.000653168
636 637 -0.000653168
637 637 0.00130336
638 637 -0.000650195
637 638 -0.000650195
638 638 0.00129703
639 638 -0.000646831
638 639 -0.000646831
639 639 0.00129075
640 639 -0.000643915
639 640 -0.000643915
640 640 0.00128494
641 640 -0.000641026
640 641 -0.000641026
641 641 0.00127919
642 641 -0.000638162
641 642 -0.000638162
642 642 0.00127349
643 642 -0.000635324
642 643 -0.000635324
643 643 0.00126744
644 643 -0.000632111
643 644 -0.000632111
644 644 0.00126104
645 644 -0.000628931
644 645 -0.000628931
645 645 0.0012551
646 645 -0.000626174
645 646 -0.000626174
646 646 0.00124923
647 646 -0.000623053
646 647 -0.000623053
647 647 0.00124302
648 647 -0.000619963
647 648 -0.000619963
648 648 0.00123763
649 648 -0.000617665
648 649 -0.000617665
649 649 0.00123229
650 649 -0.000614628
649 650 -0.000614628
650 650 0.00122625
651 650 -0.000611621
650 651 -0.000611621
651 651 0.00122026
652 651 -0.000608643
651 652 -0.000608643
652 652 0.00121434
653 652 -0.000605694
652 653 -0.000605694
653 653 0.00120883
654 653 -0.000603136
653 654 -0.000603136
654 654 0.00120338
655 654 -0.00060024
654 655 -0.00060024
655 655 0.00119761
656 655 -0.000597372
655 656 -0.000597372
656 656 0.0011919
657 656 -0.00059453
656 657 -0.00059453
657 657 0.00118625
658 657 -0.000591716
657 658 -0.000591716
658 658 0.00118099
659 658 -0.000589275
658 659 -0.000589275
659 659 0.00117579
660 659 -0.00058651
659 660 -0.00058651
660 660 0.00116994
661 660 -0.000583431
660 661 -0.000583431
661 661 0.00116415
662 661 -0.00058072
661 662 -0.00058072
662 662 0.00115875
663 662 -0.000578035
662 663 -0.000578035
663 663 0.00115341
664 663 -0.000575374
663 664 -0.000575374
664 664 0.00114811
665 664 -0.000572738
664 665 -0.000572738
665 665 0.00114286
666 665 -0.000570125
665 666 -0.000570125
666 666 0.00113734
667 666 -0.000567215
666 667 -0.000567215
667 667 0.00113187
668 667 -0.000564653
667 668 -0.000564653
668 668 0.00112677
669 668 -0.000562114
668 669 -0.000562114
669 669 0.0011214
670 669 -0.000559284
669 670 -0.000559284
670 670 0.00111608
671 670 -0.000556793
670 671 -0.000556793
671 671 0.00111112
672 671 -0.000554324
671 672 -0.000554324
672 672 0.0011059
673 672 -0.000551572
672 673 -0.000551572
673 673 0.00110042
674 673 -0.000548847
673 674 -0.000548847
674 674 0.0010953
675 674 -0.000546448
674 675 -0.000546448
675 675 0.00109022
676 675 -0.000543774
675 676 -0.000543774
676 676 0.0010849
677 676 -0.000541126
676 677 -0.000541126
677 677 0.00107992
678 677 -0.000538793
677 678 -0.000538793
678 678 0.00107527
679 678 -0.000536481
678 679 -0.000536481
679 679 0.00107038
680 679 -0.000533903
679 680 -0.000533903
680 680 0.00106497
681 680 -0.000531067
680 681 -0.000531067
681 681 0.00105961
682 681 -0.000528541
681 682 -0.000528541
682 682 0.00105486
683 682 -0.000526316
682 683 -0.000526316
683 683 0.00105015
684 683 -0.000523834
683 684 -0.000523834
684 684 0.00104521
685 684 -0.000521376
684 685 -0.000521376
685 685 0.00104032
686 685 -0.000518941
685 686 -0.000518941
686 686 0.00103547
687 686 -0.000516529
686 687 -0.000516529
687 687 0.00103067
688 687 -0.000514139
687 688 -0.000514139
688 688 0.00102565
689 688 -0.000511509
688 689 -0.000511509
689 689 0.00102067
690 689 -0.000509165
689 690 -0.000509165
690 690 0.00101601
691 690 -0.000506842
690 691 -0.000506842
691 691 0.00101138
692 691 -0.000504541
691 692 -0.000504541
692 692 0.0010068
693 692 -0.00050226
692 693 -0.00050226
693 693 0.00100201
694 693 -0.00049975
