0 0 0.0778033
1 0 -0.0258938
0 1 -0.0258938
1 1 0.0516662
2 1 -0.0257724
1 2 -0.0257724
2 2 0.0514241
3 2 -0.0256517
2 3 -0.0256517
3 3 0.0511834
4 3 -0.0255317
3 4 -0.0255317
4 4 0.0509437
5 4 -0.025412
4 5 -0.025412
5 5 0.0507048
6 5 -0.0252928
5 6 -0.0252928
6 6 0.0504671
7 6 -0.0251743
6 7 -0.0251743
7 7 0.0502307
8 7 -0.0250564
7 8 -0.0250564
8 8 0.0499956
9 8 -0.0249392
8 9 -0.0249392
9 9 0.0497614
10 9 -0.0248222
9 10 -0.0248222
10 10 0.0495279
11 10 -0.0247057
10 11 -0.0247057
11 11 0.049296
12 11 -0.0245903
11 12 -0.0245903
12 12 0.0490653
13 12 -0.024475
12 13 -0.024475
13 13 0.0488353
14 13 -0.0243602
13 14 -0.0243602
14 14 0.0486065
15 14 -0.0242462
14 15 -0.0242462
15 15 0.048379
16 15 -0.0241327
15 16 -0.0241327
16 16 0.0481521
17 16 -0.0240194
16 17 -0.0240194
17 17 0.0479263
18 17 -0.0239069
17 18 -0.0239069
18 18 0.0477017
19 18 -0.0237948
18 19 -0.0237948
19 19 0.0474783
20 19 -0.0236835
19 20 -0.0236835
20 20 0.0472562
21 20 -0.0235727
20 21 -0.0235727
21 21 0.0470347
22 21 -0.0234621
21 22 -0.0234621
22 22 0.046814
23 22 -0.0233519
22 23 -0.0233519
23 23 0.0465942
24 23 -0.0232423
23 24 -0.0232423
24 24 0.0463755
25 24 -0.0231332
24 25 -0.0231332
25 25 0.0461587
26 25 -0.0230256
25 26 -0.0230256
26 26 0.0459429
27 26 -0.0229174
26 27 -0.0229174
27 27 0.0457276
28 27 -0.0228102
27 28 -0.0228102
28 28 0.0455143
29 28 -0.0227041
28 29 -0.0227041
29 29 0.0453004
30 29 -0.0225963
29 30 -0.0225963
30 30 0.0450884
31 30 -0.0224921
30 31 -0.0224921
31 31 0.0448785
32 31 -0.0223864
31 32 -0.0223864
32 32 0.0446655
33 32 -0.0222792
32 33 -0.0222792
33 33 0.0444546
34 33 -0.0221754
33 34 -0.0221754
34 34 0.044248
35 34 -0.0220726
34 35 -0.0220726
35 35 0.0440434
36 35 -0.0219708
35 36 -0.0219708
36 36 0.0438383
37 36 -0.0218675
36 37 -0.0218675
37 37 0.0436303
38 37 -0.0217628
37 38 -0.0217628
38 38 0.0434242
39 38 -0.0216614
38 39 -0.0216614
39 39 0.0432224
40 39 -0.021561
39 40 -0.021561
40 40 0.0430202
41 40 -0.0214592
40 41 -0.0214592
41 41 0.0428176
42 41 -0.0213584
41 42 -0.0213584
42 42 0.0426169
43 42 -0.0212585
42 43 -0.0212585
43 43 0.042418
44 43 -0.0211595
43 44 -0.0211595
44 44 0.0422188
45 44 -0.0210593
44 45 -0.0210593
45 45 0.0420192
46 45 -0.02096
45 46 -0.02096
46 46 0.0418237
47 46 -0.0208638
46 47 -0.0208638
47 47 0.04163
48 47 -0.0207663
47 48 -0.0207663
48 48 0.0414338
49 48 -0.0206676
48 49 -0.0206676
49 49 0.0412373
50 49 -0.0205698
49 50 -0.0205698
50 50 0.0410448
51 50 -0.020475
50 51 -0.020475
51 51 0.0408541
52 51 -0.0203791
51 52 -0.0203791
52 52 0.040663
53 52 -0.020284
52 53 -0.020284
53 53 0.0404738
54 53 -0.0201898
53 54 -0.0201898
54 54 0.0402822
55 54 -0.0200924
54 55 -0.0200924
55 55 0.0400904
56 55 -0.019998
55 56 -0.019998
56 56 0.0399044
57 56 -0.0199064
56 57 -0.0199064
57 57 0.0397202
58 57 -0.0198138
57 58 -0.0198138
58 58 0.0395337
59 58 -0.01972
58 59 -0.01972
59 59 0.0393471
60 59 -0.0196271
59 60 -0.0196271
60 60 0.0391622
61 60 -0.0195351
60 61 -0.0195351
61 61 0.038979
62 61 -0.0194439
61 62 -0.0194439
62 62 0.0387975
63 62 -0.0193536
62 63 -0.0193536
63 63 0.0386158
64 63 -0.0192623
63 64 -0.0192623
64 64 0.038434
65 64 -0.0191718
64 65 -0.0191718
65 65 0.0382539
66 65 -0.0190821
65 66 -0.0190821
66 66 0.0380755
67 66 -0.0189934
66 67 -0.0189934
67 67 0.0378969
68 67 -0.0189036
67 68 -0.0189036
68 68 0.0377183
69 68 -0.0188147
68 69 -0.0188147
69 69 0.0375413
70 69 -0.0187266
69 70 -0.0187266
70 70 0.0373659
71 70 -0.0186393
70 71 -0.0186393
71 71 0.0371922
72 71 -0.0185529
71 72 -0.0185529
72 72 0.0370167
73 72 -0.0184638
72 73 -0.0184638
73 73 0.0368428
74 73 -0.018379
73 74 -0.018379
74 74 0.0366722
75 74 -0.0182932
74 75 -0.0182932
75 75 0.0364999
76 75 -0.0182066
75 76 -0.0182066
76 76 0.0363275
77 76 -0.0181209
76 77 -0.0181209
77 77 0.0361568
78 77 -0.0180359
77 78 -0.0180359
78 78 0.0359876
79 78 -0.0179517
78 79 -0.0179517
79 79 0.03582
80 79 -0.0178683
79 80 -0.0178683
80 80 0.0356524
81 80 -0.0177841
80 81 -0.0177841
81 81 0.0354848
82 81 -0.0177007
81 82 -0.0177007
82 82 0.0353187
83 82 -0.017618
82 83 -0.017618
83 83 0.0351527
84 83 -0.0175346
83 84 -0.0175346
84 84 0.0349882
85 84 -0.0174535
84 85 -0.0174535
85 85 0.0348252
86 85 -0.0173717
85 86 -0.0173717
86 86 0.0346622
87 86 -0.0172906
86 87 -0.0172906
87 87 0.0344993
88 87 -0.0172087
87 88 -0.0172087
88 88 0.0343364
89 88 -0.0171277
88 89 -0.0171277
89 89 0.0341765
90 89 -0.0170488
89 90 -0.0170488
90 90 0.0340181
91 90 -0.0169693
90 91 -0.0169693
91 91 0.0338583
92 91 -0.016889
91 92 -0.016889
92 92 0.0336986
93 92 -0.0168095
92 93 -0.0168095
93 93 0.0335403
94 93 -0.0167308
93 94 -0.0167308
94 94 0.0333822
95 94 -0.0166514
94 95 -0.0166514
95 95 0.0332255
96 95 -0.0165741
95 96 -0.0165741
96 96 0.0330717
97 96 -0.0164976
96 97 -0.0164976
97 97 0.0329166
98 97 -0.016419
97 98 -0.016419
98 98 0.0327616
99 98 -0.0163425
98 99 -0.0163425
99 99 0.0326093
100 99 -0.0162668
99 100 -0.0162668
100 100 0.0324572
101 100 -0.0161904
100 101 -0.0161904
101 101 0.0323038
102 101 -0.0161134
101 102 -0.0161134
102 102 0.0321519
103 102 -0.0160385
102 103 -0.0160385
103 103 0.0320015
104 103 -0.015963
103 104 -0.015963
104 104 0.0318511
105 104 -0.0158881
104 105 -0.0158881
105 105 0.0317034
106 105 -0.0158153
105 106 -0.0158153
106 106 0.0315546
107 106 -0.0157394
106 107 -0.0157394
107 107 0.0314047
108 107 -0.0156654
107 108 -0.0156654
108 108 0.0312587
109 108 -0.0155933
108 109 -0.0155933
109 109 0.0311128
110 109 -0.0155195
109 110 -0.0155195
110 110 0.0309671
111 110 -0.0154476
110 111 -0.0154476
111 111 0.0308227
112 111 -0.0153752
111 112 -0.0153752
112 112 0.0306774
113 112 -0.0153022
112 113 -0.0153022
113 113 0.0305334
114 113 -0.0152311
113 114 -0.0152311
114 114 0.0303907
115 114 -0.0151596
114 115 -0.0151596
115 115 0.0302482
116 115 -0.0150886
115 116 -0.0150886
116 116 0.030107
117 116 -0.0150184
116 117 -0.0150184
117 117 0.0299661
118 117 -0.0149477
117 118 -0.0149477
118 118 0.0298253
119 118 -0.0148776
118 119 -0.0148776
119 119 0.0296859
120 119 -0.0148082
119 120 -0.0148082
120 120 0.0295466
121 120 -0.0147384
120 121 -0.0147384
121 121 0.0294076
122 121 -0.0146692
121 122 -0.0146692
122 122 0.0292699
123 122 -0.0146007
122 123 -0.0146007
123 123 0.0291324
124 123 -0.0145317
123 124 -0.0145317
124 124 0.0289951
125 124 -0.0144634
124 125 -0.0144634
125 125 0.0288602
126 125 -0.0143968
125 126 -0.0143968
126 126 0.0287265
127 126 -0.0143297
126 127 -0.0143297
127 127 0.028591
128 127 -0.0142613
127 128 -0.0142613
128 128 0.0284557
129 128 -0.0141945
128 129 -0.0141945
129 129 0.0283237
130 129 -0.0141293
129 130 -0.0141293
130 130 0.028192
131 130 -0.0140627
130 131 -0.0140627
131 131 0.0280585
132 131 -0.0139958
131 132 -0.0139958
132 132 0.0279263
133 132 -0.0139305
132 133 -0.0139305
133 133 0.0277963
134 133 -0.0138658
133 134 -0.0138658
134 134 0.0276665
135 134 -0.0138007
134 135 -0.0138007
135 135 0.027537
136 135 -0.0137363
135 136 -0.0137363
136 136 0.0274077
137 136 -0.0136715
136 137 -0.0136715
137 137 0.0272788
138 137 -0.0136073
137 138 -0.0136073
138 138 0.027151
139 138 -0.0135437
138 139 -0.0135437
139 139 0.0270244
140 139 -0.0134807
139 140 -0.0134807
140 140 0.0268981
141 140 -0.0134174
140 141 -0.0134174
141 141 0.0267712
142 141 -0.0133538
141 142 -0.0133538
142 142 0.0266455
143 142 -0.0132917
142 143 -0.0132917
143 143 0.0265209
144 143 -0.0132293
143 144 -0.0132293
144 144 0.0263967
145 144 -0.0131674
144 145 -0.0131674
145 145 0.0262736
146 145 -0.0131062
145 146 -0.0131062
146 146 0.0261508
147 146 -0.0130446
146 147 -0.0130446
147 147 0.0260274
148 147 -0.0129828
147 148 -0.0129828
148 148 0.0259052
149 148 -0.0129224
148 149 -0.0129224
149 149 0.025785
150 149 -0.0128626
149 150 -0.0128626
150 150 0.0256642
151 150 -0.0128016
150 151 -0.0128016
151 151 0.0255429
152 151 -0.0127413
151 152 -0.0127413
152 152 0.0254228
153 152 -0.0126815
152 153 -0.0126815
153 153 0.0253038
154 153 -0.0126223
153 154 -0.0126223
154 154 0.0251859
155 154 -0.0125636
154 155 -0.0125636
155 155 0.0250683
156 155 -0.0125047
155 156 -0.0125047
156 156 0.024951
157 156 -0.0124463
156 157 -0.0124463
157 157 0.0248341
158 157 -0.0123877
157 158 -0.0123877
158 158 0.0247174
159 158 -0.0123297
158 159 -0.0123297
159 159 0.0246019
160 159 -0.0122722
159 160 -0.0122722
160 160 0.0244859
161 160 -0.0122137
160 161 -0.0122137
161 161 0.0243703
162 161 -0.0121566
161 162 -0.0121566
162 162 0.0242573
163 162 -0.0121007
162 163 -0.0121007
163 163 0.0241445
164 163 -0.0120438
163 164 -0.0120438
164 164 0.0240307
165 164 -0.0119868
164 165 -0.0119868
165 165 0.0239179
166 165 -0.011931
165 166 -0.011931
166 166 0.0238061
167 166 -0.0118751
166 167 -0.0118751
167 167 0.023694
168 167 -0.0118189
167 168 -0.0118189
168 168 0.0235857
169 168 -0.0117668
168 169 -0.0117668
169 169 0.0234791
170 169 -0.0117123
169 170 -0.0117123
170 170 0.0233606
171 170 -0.0116482
170 171 -0.0116482
171 171 0.0232424
172 171 -0.0115942
171 172 -0.0115942
172 172 0.0231415
173 172 -0.0115473
172 173 -0.0115473
173 173 0.0230416
174 173 -0.0114943
173 174 -0.0114943
174 174 0.0229294
175 174 -0.0114351
174 175 -0.0114351
175 175 0.0228181
176 175 -0.011383
175 176 -0.011383
176 176 0.0227145
177 176 -0.0113314
176 177 -0.0113314
177 177 0.0226054
178 177 -0.011274
177 178 -0.011274
178 178 0.0224973
179 178 -0.0112233
178 179 -0.0112233
179 179 0.0223965
180 179 -0.0111732
179 180 -0.0111732
180 180 0.0222967
181 180 -0.0111235
180 181 -0.0111235
181 181 0.0221915
182 181 -0.0110681
181 182 -0.0110681
182 182 0.0220813
183 182 -0.0110132
182 183 -0.0110132
183 183 0.0219781
184 183 -0.0109649
183 184 -0.0109649
184 184 0.021876
185 184 -0.0109111
184 185 -0.0109111
185 185 0.0217688
186 185 -0.0108578
185 186 -0.0108578
186 186 0.0216686
187 186 -0.0108108
186 187 -0.0108108
187 187 0.0215751
188 187 -0.0107643
187 188 -0.0107643
188 188 0.0214766
189 188 -0.0107124
188 189 -0.0107124
189 189 0.0213677
190 189 -0.0106553
189 190 -0.0106553
190 190 0.0212654
191 190 -0.0106101
190 191 -0.0106101
191 191 0.0211697
192 191 -0.0105597
191 192 -0.0105597
192 192 0.0210694
193 192 -0.0105097
192 193 -0.0105097
193 193 0.02097
194 193 -0.0104603
193 194 -0.0104603
194 194 0.0208715
195 194 -0.0104112
194 195 -0.0104112
195 195 0.0207739
196 195 -0.0103627
195 196 -0.0103627
196 196 0.0206773
197 196 -0.0103146
196 197 -0.0103146
197 197 0.0205815
198 197 -0.0102669
197 198 -0.0102669
198 198 0.0204814
199 198 -0.0102145
198 199 -0.0102145
199 199 0.0203874
200 199 -0.0101729
199 200 -0.0101729
200 200 0.0202995
201 200 -0.0101266
200 201 -0.0101266
201 201 0.0202021
202 201 -0.0100756
201 202 -0.0100756
202 202 0.0201006
203 202 -0.0100251
202 203 -0.0100251
203 203 0.0200051
204 203 -0.00998004
203 204 -0.00998004
204 204 0.0199155
205 204 -0.00993542
204 205 -0.00993542
205 205 0.0198217
206 205 -0.00988631
205 206 -0.00988631
206 206 0.0197288
207 206 -0.00984252
206 207 -0.00984252
207 207 0.0196368
208 207 -0.00979432
207 208 -0.00979432
208 208 0.0195409
209 208 -0.00974659
208 209 -0.00974659
209 209 0.0194506
210 209 -0.00970403
209 210 -0.00970403
210 210 0.0193612
211 210 -0.00965717
210 211 -0.00965717
211 211 0.0192726
212 211 -0.00961538
211 212 -0.00961538
212 212 0.0191848
213 212 -0.00956938
212 213 -0.00956938
213 213 0.0190887
214 213 -0.00951928
213 214 -0.00951928
214 214 0.0189979
215 214 -0.00947867
214 215 -0.00947867
215 215 0.0189171
216 215 -0.00943841
215 216 -0.00943841
216 216 0.0188281
217 216 -0.00938967
216 217 -0.00938967
217 217 0.0187355
218 217 -0.00934579
217 218 -0.00934579
218 218 0.0186481
219 218 -0.00930233
218 219 -0.00930233
219 219 0.0185573
220 219 -0.00925497
219 220 -0.00925497
220 220 0.0184716
221 220 -0.00921659
220 221 -0.00921659
221 221 0.0183909
222 221 -0.00917431
221 222 -0.00917431
222 222 0.0183026
223 222 -0.00912825
222 223 -0.00912825
223 223 0.018215
224 223 -0.00908678
223 224 -0.00908678
224 224 0.0181284
225 224 -0.00904159
224 225 -0.00904159
225 225 0.0180425
226 225 -0.0090009
225 226 -0.0090009
226 226 0.0179615
227 226 -0.00896057
226 227 -0.00896057
227 227 0.0178772
228 227 -0.00891663
227 228 -0.00891663
228 228 0.0177897
229 228 -0.00887311
228 229 -0.00887311
229 229 0.017707
230 229 -0.00883392
229 230 -0.00883392
230 230 0.017629
231 230 -0.00879507
230 231 -0.00879507
231 231 0.017544
232 231 -0.00874891
231 232 -0.00874891
232 232 0.0174559
233 232 -0.00870701
232 233 -0.00870701
233 233 0.0173763
234 233 -0.00866927
233 234 -0.00866927
234 234 0.0173011
235 234 -0.00863185
234 235 -0.00863185
235 235 0.0172229
236 235 -0.00859107
235 236 -0.00859107
236 236 0.0171381
237 236 -0.00854701
236 237 -0.00854701
237 237 0.017054
238 237 -0.00850702
237 238 -0.00850702
238 238 0.0169744
239 238 -0.0084674
238 239 -0.0084674
239 239 0.0168956
240 239 -0.00842815
239 240 -0.00842815
240 240 0.0168174
241 240 -0.00838926
240 241 -0.00838926
241 241 0.01674
242 241 -0.00835073
241 242 -0.00835073
242 242 0.0166598
243 242 -0.0083091
242 243 -0.0083091
243 243 0.0165804
244 243 -0.0082713
243 244 -0.0082713
244 244 0.0165051
245 244 -0.00823384
244 245 -0.00823384
245 245 0.0164272
246 245 -0.00819336
245 246 -0.00819336
246 246 0.01635
247 246 -0.00815661
246 247 -0.00815661
247 247 0.0162735
248 247 -0.00811688
247 248 -0.00811688
248 248 0.0161977
249 248 -0.00808081
248 249 -0.00808081
249 249 0.0161226
250 249 -0.00804182
249 250 -0.00804182
250 250 0.016045
251 250 -0.0080032
250 251 -0.0080032
251 251 0.0159713
252 251 -0.00796813
251 252 -0.00796813
252 252 0.0158983
253 252 -0.00793021
252 253 -0.00793021
253 253 0.0158198
254 253 -0.00788955
253 254 -0.00788955
254 254 0.0157419
255 254 -0.00785238
254 255 -0.00785238
255 255 0.015671
256 255 -0.00781861
255 256 -0.00781861
256 256 0.0156007
257 256 -0.0077821
256 257 -0.0077821
257 257 0.015528
258 257 -0.00774593
257 258 -0.00774593
258 258 0.015456
259 258 -0.0077101
258 259 -0.0077101
259 259 0.0153847
260 259 -0.0076746
259 260 -0.0076746
260 260 0.0153111
261 260 -0.0076365
260 261 -0.0076365
261 261 0.0152353
262 261 -0.00759878
261 262 -0.00759878
262 262 0.0151631
263 262 -0.0075643
262 263 -0.0075643
263 263 0.0150944
264 263 -0.00753012
263 264 -0.00753012
264 264 0.0150264
265 264 -0.00749625
264 265 -0.00749625
265 265 0.0149562
266 265 -0.0074599
265 266 -0.0074599
266 266 0.0148838
267 266 -0.0074239
266 267 -0.0074239
267 267 0.0148149
268 267 -0.00739098
267 268 -0.00739098
268 268 0.0147466
269 268 -0.00735565
268 269 -0.00735565
269 269 0.0146763
270 269 -0.00732064
269 270 -0.00732064
270 270 0.0146066
271 270 -0.00728597
270 271 -0.00728597
271 271 0.0145376
272 271 -0.00725163
271 272 -0.00725163
272 272 0.0144718
273 272 -0.00722022
272 273 -0.00722022
273 273 0.0144067
274 273 -0.00718649
273 274 -0.00718649
274 274 0.014337
275 274 -0.00715052
274 275 -0.00715052
275 275 0.014268
276 275 -0.00711744
275 276 -0.00711744
276 276 0.0142021
277 276 -0.00708466
276 277 -0.00708466
277 277 0.0141344
278 277 -0.0070497
277 278 -0.0070497
278 278 0.0140672
279 278 -0.00701754
278 279 -0.00701754
279 279 0.0140032
280 279 -0.00698568
279 280 -0.00698568
280 280 0.0139374
281 280 -0.00695169
280 281 -0.00695169
281 281 0.0138697
282 281 -0.00691802
281 282 -0.00691802
282 282 0.0138051
283 282 -0.00688705
282 283 -0.00688705
283 283 0.0137434
284 283 -0.00685636
283 284 -0.00685636
284 284 0.01368
285 284 -0.00682361
284 285 -0.00682361
285 285 0.0136148
286 285 -0.00679117
285 286 -0.00679117
286 286 0.0135502
287 286 -0.00675904
286 287 -0.00675904
287 287 0.0134863
288 287 -0.00672721
287 288 -0.00672721
288 288 0.0134229
289 288 -0.00669568
288 289 -0.00669568
289 289 0.0133601
290 289 -0.00666445
289 290 -0.00666445
290 290 0.0132979
291 290 -0.0066335
290 291 -0.0066335
291 291 0.0132363
292 291 -0.00660284
291 292 -0.00660284
292 292 0.0131731
293 292 -0.0065703
292 293 -0.0065703
293 293 0.0131105
294 293 -0.00654022
293 294 -0.00654022
294 294 0.0130506
295 294 -0.00651042
294 295 -0.00651042
295 295 0.0129892
296 295 -0.00647878
295 296 -0.00647878
296 296 0.0129283
297 296 -0.00644953
296 297 -0.00644953
297 297 0.012868
298 297 -0.00641849
297 298 -0.00641849
298 298 0.0128062
299 298 -0.00638774
298 299 -0.00638774
299 299 0.012747
300 299 -0.0063593
299 300 -0.0063593
300 300 0.0126884
301 300 -0.00632911
300 301 -0.00632911
301 301 0.0126283
302 301 -0.00629921
301 302 -0.00629921
302 302 0.0125688
303 302 -0.00626959
302 303 -0.00626959
303 303 0.0125098
304 303 -0.00624025
303 304 -0.00624025
304 304 0.0124514
305 304 -0.00621118
304 305 -0.00621118
305 305 0.0123936
306 305 -0.00618238
305 306 -0.00618238
306 306 0.0123362
307 306 -0.00615385
306 307 -0.00615385
307 307 0.0122775
308 307 -0.0061237
307 308 -0.0061237
308 308 0.0122194
309 308 -0.0060957
308 309 -0.0060957
309 309 0.0121637
310 309 -0.00606796
309 310 -0.00606796
310 310 0.0121066
311 310 -0.00603865
310 311 -0.00603865
311 311 0.0120483
312 311 -0.00600962
311 312 -0.00600962
312 312 0.0119923
313 312 -0.00598265
312 313 -0.00598265
313 313 0.0119368
314 313 -0.00595415
313 314 -0.00595415
314 314 0.0118801
315 314 -0.00592593
314 315 -0.00592593
315 315 0.0118256
316 315 -0.00589971
315 316 -0.00589971
316 316 0.01177
317 316 -0.00587027
316 317 -0.00587027
317 317 0.0117131
318 317 -0.00584283
317 318 -0.00584283
318 318 0.0116585
319 318 -0.00581564
318 319 -0.00581564
319 319 0.0116044
320 319 -0.00578871
319 320 -0.00578871
320 320 0.0115507
321 320 -0.00576203
320 321 -0.00576203
321 321 0.011496
322 321 -0.00573394
321 322 -0.00573394
322 322 0.0114417
323 322 -0.00570776
322 323 -0.00570776
323 323 0.0113896
324 323 -0.00568182
323 324 -0.00568182
324 324 0.0113363
325 324 -0.00565451
324 325 -0.00565451
325 325 0.011282
326 325 -0.00562746
325 326 -0.00562746
326 326 0.0112297
327 326 -0.00560224
326 327 -0.00560224
327 327 0.0111779
328 327 -0.00557569
327 328 -0.00557569
328 328 0.0111235
329 328 -0.00554785
328 329 -0.00554785
329 329 0.0110712
330 329 -0.00552334
329 330 -0.00552334
330 330 0.0110209
331 330 -0.00549753
330 331 -0.00549753
331 331 0.010968
332 331 -0.00547046
331 332 -0.00547046
332 332 0.0109171
333 332 -0.00544662
332 333 -0.00544662
333 333 0.0108681
334 333 -0.00542152
333 334 -0.00542152
334 334 0.0108167
335 334 -0.0053952
334 335 -0.0053952
335 335 0.0107643
336 335 -0.00536913
335 336 -0.00536913
336 336 0.0107139
337 336 -0.00534474
336 337 -0.00534474
337 337 0.0106639
338 337 -0.00531915
337 338 -0.00531915
338 338 0.010613
339 338 -0.00529381
338 339 -0.00529381
339 339 0.0105639
340 339 -0.00527009
339 340 -0.00527009
340 340 0.0105153
341 340 -0.00524521
340 341 -0.00524521
341 341 0.0104658
342 341 -0.00522057
341 342 -0.00522057
342 342 0.0104167
343 342 -0.00519615
342 343 -0.00519615
343 343 0.0103681
344 343 -0.00517197
343 344 -0.00517197
344 344 0.01032
345 344 -0.00514801
344 345 -0.00514801
345 345 0.010271
346 345 -0.00512295
345 346 -0.00512295
346 346 0.0102224
347 346 -0.00509944
346 347 -0.00509944
347 347 0.0101756
348 347 -0.00507614
347 348 -0.00507614
348 348 0.0101279
349 348 -0.00505178
348 349 -0.00505178
349 349 0.0100794
350 349 -0.00502765
349 350 -0.00502765
350 350 0.0100314
351 350 -0.00500375
350 351 -0.00500375
351 351 0.00998507
352 351 -0.00498132
351 352 -0.00498132
352 352 0.00993918
353 352 -0.00495786
352 353 -0.00495786
353 353 0.00989247
354 353 -0.00493462
353 354 -0.00493462
354 354 0.00984621
355 354 -0.00491159
354 355 -0.00491159
355 355 0.00979918
356 355 -0.00488759
355 356 -0.00488759
356 356 0.00975258
357 356 -0.004865
356 357 -0.004865
357 357 0.00970761
358 357 -0.00484262
357 358 -0.00484262
358 358 0.00966305
359 358 -0.00482044
358 359 -0.00482044
359 359 0.00961775
360 359 -0.00479731
359 360 -0.00479731
360 360 0.00957172
361 360 -0.00477441
360 361 -0.00477441
361 361 0.00952726
362 361 -0.00475285
361 362 -0.00475285
362 362 0.00948322
363 362 -0.00473037
362 363 -0.00473037
363 363 0.00943847
364 363 -0.0047081
363 364 -0.0047081
364 364 0.00939413
365 364 -0.00468604
364 365 -0.00468604
365 365 0.00935021
366 365 -0.00466418
365 366 -0.00466418
366 366 0.0093067
367 366 -0.00464253
366 367 -0.00464253
367 367 0.00926253
368 367 -0.00462
367 368 -0.00462
368 368 0.00921876
369 368 -0.00459876
368 369 -0.00459876
369 369 0.00917646
370 369 -0.00457771
369 370 -0.00457771
370 370 0.00913352
371 370 -0.00455581
370 371 -0.00455581
371 371 0.00908993
372 371 -0.00453412
371 372 -0.00453412
372 372 0.00904675
373 372 -0.00451264
372 373 -0.00451264
373 373 0.009005
374 373 -0.00449236
373 374 -0.00449236
374 374 0.00896364
375 374 -0.00447127
374 375 -0.00447127
375 375 0.00892165
376 375 -0.00445038
375 376 -0.00445038
376 376 0.00888006
377 376 -0.00442968
376 377 -0.00442968
377 377 0.00883788
378 377 -0.0044082
377 378 -0.0044082
378 378 0.00879609
379 378 -0.00438789
378 379 -0.00438789
379 379 0.00875566
380 379 -0.00436777
379 380 -0.00436777
380 380 0.00871465
381 380 -0.00434688
380 381 -0.00434688
381 381 0.00867308
382 381 -0.0043262
381 382 -0.0043262
382 382 0.0086319
383 382 -0.00430571
382 383 -0.00430571
383 383 0.00859203
384 383 -0.00428633
383 384 -0.00428633
384 384 0.00855254
385 384 -0.00426621
384 385 -0.00426621
385 385 0.00851159
386 385 -0.00424538
385 386 -0.00424538
386 386 0.00847103
387 386 -0.00422565
386 387 -0.00422565
387 387 0.00843175
388 387 -0.0042061
387 388 -0.0042061
388 388 0.00839283
389 388 -0.00418673
388 389 -0.00418673
389 389 0.00835426
390 389 -0.00416753
389 390 -0.00416753
390 390 0.00831519
391 390 -0.00414766
390 391 -0.00414766
391 391 0.00827562
392 391 -0.00412797
391 392 -0.00412797
392 392 0.00823643
393 392 -0.00410846
392 393 -0.00410846
393 393 0.00819761
394 393 -0.00408914
393 394 -0.00408914
394 394 0.00815915
395 394 -0.00407
394 395 -0.00407
395 395 0.00812105
396 395 -0.00405104
395 396 -0.00405104
396 396 0.0080833
397 396 -0.00403226
396 397 -0.00403226
397 397 0.0080459
398 397 -0.00401365
397 398 -0.00401365
398 398 0.00800805
399 398 -0.00399441
398 399 -0.00399441
399 399 0.00796976
400 399 -0.00397535
399 400 -0.00397535
400 400 0.00793261
401 400 -0.00395726
400 401 -0.00395726
401 401 0.00789582
402 401 -0.00393856
401 402 -0.00393856
402 402 0.00785859
403 402 -0.00392003
402 403 -0.00392003
403 403 0.00782171
404 403 -0.00390168
403 404 -0.00390168
404 404 0.00778517
405 404 -0.0038835
404 405 -0.0038835
405 405 0.00774898
406 405 -0.00386548
405 406 -0.00386548
406 406 0.00771311
407 406 -0.00384763
406 407 -0.00384763
407 407 0.00767685
408 407 -0.00382922
407 408 -0.00382922
408 408 0.00764019
409 408 -0.00381098
408 409 -0.00381098
409 409 0.0076046
410 409 -0.00379363
409 410 -0.00379363
410 410 0.00756935
411 410 -0.00377572
410 411 -0.00377572
411 411 0.00753371
412 411 -0.00375799
411 412 -0.00375799
412 412 0.0074984
413 412 -0.00374042
412 413 -0.00374042
413 413 0.00746273
414 413 -0.00372232
413 414 -0.00372232
414 414 0.00742739
415 414 -0.00370508
414 415 -0.00370508
415 415 0.00739307
416 415 -0.003688
415 416 -0.003688
416 416 0.00735907
417 416 -0.00367107
416 417 -0.00367107
417 417 0.00732471
418 417 -0.00365364
417 418 -0.00365364
418 418 0.00729
419 418 -0.00363636
418 419 -0.00363636
419 419 0.00725562
420 419 -0.00361925
419 420 -0.00361925
420 420 0.00722156
421 420 -0.00360231
420 421 -0.00360231
421 421 0.00718782
422 421 -0.00358551
421 422 -0.00358551
422 422 0.00715376
423 422 -0.00356824
422 423 -0.00356824
423 423 0.00712064
424 423 -0.0035524
423 424 -0.0035524
424 424 0.00708784
425 424 -0.00353544
424 425 -0.00353544
425 425 0.00705409
426 425 -0.00351865
425 426 -0.00351865
426 426 0.00702128
427 426 -0.00350263
426 427 -0.00350263
427 427 0.00698816
428 427 -0.00348554
427 428 -0.00348554
428 428 0.00695475
429 428 -0.00346921
428 429 -0.00346921
429 429 0.00692285
430 429 -0.00345363
429 430 -0.00345363
430 430 0.00689124
431 430 -0.00343761
430 431 -0.00343761
431 431 0.00685875
432 431 -0.00342114
431 432 -0.00342114
432 432 0.00682598
433 432 -0.00340483
432 433 -0.00340483
433 433 0.00679352
434 433 -0.00338868
433 434 -0.00338868
434 434 0.00676193
435 434 -0.00337325
434 435 -0.00337325
435 435 0.00673064
436 435 -0.00335739
435 436 -0.00335739
436 436 0.00669908
437 436 -0.00334169
436 437 -0.00334169
437 437 0.00666781
438 437 -0.00332613
437 438 -0.00332613
438 438 0.00663629
439 438 -0.00331016
438 439 -0.00331016
439 439 0.00660506
440 439 -0.00329489
439 440 -0.00329489
440 440 0.00657412
441 440 -0.00327923
440 441 -0.00327923
441 441 0.00654347
442 441 -0.00326424
441 442 -0.00326424
442 442 0.0065131
443 442 -0.00324886
442 443 -0.00324886
443 443 0.00648197
444 443 -0.00323311
443 444 -0.00323311
444 444 0.00645165
445 444 -0.00321854
444 445 -0.00321854
445 445 0.00642213
446 445 -0.00320359
445 446 -0.00320359
446 446 0.00639186
447 446 -0.00318827
446 447 -0.00318827
447 447 0.00636186
448 447 -0.0031736
447 448 -0.0031736
448 448 0.00633216
449 448 -0.00315856
448 449 -0.00315856
449 449 0.00630223
450 449 -0.00314367
449 450 -0.00314367
450 450 0.00627258
451 450 -0.00312891
450 451 -0.00312891
451 451 0.00624321
452 451 -0.00311429
451 452 -0.00311429
452 452 0.00621411
453 452 -0.00309981
452 453 -0.00309981
453 453 0.00618481
454 453 -0.00308499
453 454 -0.00308499
454 454 0.00615577
455 454 -0.00307078
454 455 -0.00307078
455 455 0.00612748
456 455 -0.0030567
455 456 -0.0030567
456 456 0.00609899
457 456 -0.00304229
456 457 -0.00304229
457 457 0.00606984
458 457 -0.00302755
457 458 -0.00302755
458 458 0.00604096
459 458 -0.00301341
458 459 -0.00301341
459 459 0.00601281
460 459 -0.0029994
459 460 -0.0029994
460 460 0.00598492
461 460 -0.00298552
460 461 -0.00298552
461 461 0.00595729
462 461 -0.00297177
461 462 -0.00297177
462 462 0.00592904
463 462 -0.00295727
462 463 -0.00295727
463 463 0.00590061
464 463 -0.00294334
463 464 -0.00294334
464 464 0.00587331
465 464 -0.00292997
464 465 -0.00292997
465 465 0.00584628
466 465 -0.0029163
465 466 -0.0029163
466 466 0.00581906
467 466 -0.00290276
466 467 -0.00290276
467 467 0.00579168
468 467 -0.00288892
467 468 -0.00288892
468 468 0.00576414
469 468 -0.00287522
468 469 -0.00287522
469 469 0.00573726
470 469 -0.00286205
469 470 -0.00286205
470 470 0.00571065
471 470 -0.0028486
470 471 -0.0028486
471 471 0.00568347
472 471 -0.00283487
471 472 -0.00283487
472 472 0.00565654
473 472 -0.00282167
472 473 -0.00282167
473 473 0.00563026
474 473 -0.00280859
473 474 -0.00280859
474 474 0.00560423
475 474 -0.00279564
474 475 -0.00279564
475 475 0.00557805
476 475 -0.00278242
475 476 -0.00278242
476 476 0.00555173
477 476 -0.00276932
476 477 -0.00276932
477 477 0.00552566
478 477 -0.00275634
477 478 -0.00275634
478 478 0.00549982
479 478 -0.00274348
478 479 -0.00274348
479 479 0.00547423
480 479 -0.00273075
479 480 -0.00273075
480 480 0.00544851
481 480 -0.00271776
480 481 -0.00271776
481 481 0.00542302
482 481 -0.00270526
481 482 -0.00270526
482 482 0.00539778
483 482 -0.00269251
482 483 -0.00269251
483 483 0.00537204
484 483 -0.00267953
483 484 -0.00267953
484 484 0.00534655
485 484 -0.00266702
484 485 -0.00266702
485 485 0.00532201
486 485 -0.00265498
485 486 -0.00265498
486 486 0.00529734
487 486 -0.00264236
486 487 -0.00264236
487 487 0.00527221
488 487 -0.00262985
487 488 -0.00262985
488 488 0.00524731
489 488 -0.00261746
488 489 -0.00261746
489 489 0.00522264
490 489 -0.00260518
489 490 -0.00260518
490 490 0.00519855
491 490 -0.00259336
490 491 -0.00259336
491 491 0.00517434
492 491 -0.00258098
491 492 -0.00258098
492 492 0.00514969
493 492 -0.00256871
492 493 -0.00256871
493 493 0.0051256
494 493 -0.00255689
493 494 -0.00255689
494 494 0.00510174
495 494 -0.00254485
494 495 -0.00254485
495 495 0.00507778
496 495 -0.00253293
495 496 -0.00253293
496 496 0.00505404
497 496 -0.00252111
496 497 -0.00252111
497 497 0.00503052
498 497 -0.00250941
497 498 -0.00250941
498 498 0.00500691
499 498 -0.0024975
498 499 -0.0024975
499 499 0.00498321
500 499 -0.00248571
499 500 -0.00248571
500 500 0.00496004
501 500 -0.00247433
500 501 -0.00247433
501 501 0.00493678
502 501 -0.00246245
501 502 -0.00246245
502 502 0.00491343
503 502 -0.00245098
502 503 -0.00245098
503 503 0.0048906
504 503 -0.00243962
503 504 -0.00243962
504 504 0.00486769
505 504 -0.00242807
504 505 -0.00242807
505 505 0.00484469
506 505 -0.00241663
505 506 -0.00241663
506 506 0.00482192
507 506 -0.00240529
506 507 -0.00240529
507 507 0.00479964
508 507 -0.00239435
507 508 -0.00239435
508 508 0.00477729
509 508 -0.00238294
508 509 -0.00238294
509 509 0.00475457
510 509 -0.00237164
509 510 -0.00237164
510 510 0.00473235
511 510 -0.00236072
510 511 -0.00236072
511 511 0.00471034
512 511 -0.00234962
511 512 -0.00234962
512 512 0.00468826
513 512 -0.00233863
512 513 -0.00233863
513 513 0.00466638
514 513 -0.00232775
513 514 -0.00232775
514 514 0.00464444
515 514 -0.00231669
514 515 -0.00231669
515 515 0.00462243
516 515 -0.00230574
515 516 -0.00230574
516 516 0.0046009
517 516 -0.00229516
516 517 -0.00229516
517 517 0.00457957
518 517 -0.00228441
517 518 -0.00228441
518 518 0.00455791
519 518 -0.0022735
518 519 -0.0022735
519 519 0.00453646
520 519 -0.00226296
519 520 -0.00226296
520 520 0.00451546
521 520 -0.00225251
520 521 -0.00225251
521 521 0.00449416
522 521 -0.00224165
521 522 -0.00224165
522 522 0.0044728
523 522 -0.00223115
522 523 -0.00223115
523 523 0.00445214
524 523 -0.00222099
523 524 -0.00222099
524 524 0.00443142
525 524 -0.00221043
524 525 -0.00221043
525 525 0.00441041
526 525 -0.00219998
525 526 -0.00219998
526 526 0.00438984
527 526 -0.00218986
526 527 -0.00218986
527 527 0.00436946
528 527 -0.0021796
527 528 -0.0021796
528 528 0.0043488
529 528 -0.0021692
528 529 -0.0021692
529 529 0.00432833
530 529 -0.00215913
529 530 -0.00215913
530 530 0.00430828
531 530 -0.00214915
530 531 -0.00214915
531 531 0.00428819
532 531 -0.00213904
531 532 -0.00213904
532 532 0.00426806
533 532 -0.00212902
532 533 -0.00212902
533 533 0.00424789
534 533 -0.00211887
533 534 -0.00211887
534 534 0.00422791
535 534 -0.00210904
534 535 -0.00210904
535 535 0.00420833
536 535 -0.0020993
535 536 -0.0020993
536 536 0.00418851
537 536 -0.00208921
536 537 -0.00208921
537 537 0.00416864
538 537 -0.00207943
537 538 -0.00207943
538 538 0.00414918
539 538 -0.00206975
538 539 -0.00206975
539 539 0.00412991
540 539 -0.00206016
539 540 -0.00206016
540 540 0.0041106
541 540 -0.00205044
540 541 -0.00205044
541 541 0.00409126
542 541 -0.00204082
541 542 -0.00204082
542 542 0.0040721
543 542 -0.00203128
542 543 -0.00203128
543 543 0.00405291
544 543 -0.00202163
543 544 -0.00202163
544 544 0.00403391
545 544 -0.00201227
544 545 -0.00201227
545 545 0.00401528
546 545 -0.002003
545 546 -0.002003
546 546 0.00399643
547 546 -0.00199342
546 547 -0.00199342
547 547 0.00397755
548 547 -0.00198413
547 548 -0.00198413
548 548 0.00395905
549 548 -0.00197492
548 549 -0.00197492
549 549 0.00394033
550 549 -0.00196541
549 550 -0.00196541
550 550 0.00392236
551 550 -0.00195695
550 551 -0.00195695
551 551 0.00390437
552 551 -0.00194742
551 552 -0.00194742
552 552 0.0038854
553 552 -0.00193798
552 553 -0.00193798
553 553 0.00386662
554 553 -0.00192864
553 554 -0.00192864
554 554 0.00384803
555 554 -0.00191939
554 555 -0.00191939
555 555 0.00383143
556 555 -0.00191205
555 556 -0.00191205
556 556 0.003815
557 556 -0.00190295
556 557 -0.00190295
557 557 0.0037951
558 557 -0.00189215
557 558 -0.00189215
558 558 0.00377539
559 558 -0.00188324
558 559 -0.00188324
559 559 0.00375941
560 559 -0.00187617
559 560 -0.00187617
560 560 0.00374359
561 560 -0.00186741
560 561 -0.00186741
561 561 0.00372442
562 561 -0.00185701
561 562 -0.00185701
562 562 0.00370544
563 562 -0.00184843
562 563 -0.00184843
563 563 0.00368836
564 563 -0.00183993
563 564 -0.00183993
564 564 0.00367143
565 564 -0.0018315
564 565 -0.0018315
565 565 0.00365632
566 565 -0.00182482
565 566 -0.00182482
566 566 0.0036397
567 566 -0.00181488
566 567 -0.00181488
567 567 0.00361994
568 567 -0.00180505
567 568 -0.00180505
568 568 0.00360362
569 568 -0.00179856
568 569 -0.00179856
569 569 0.00358907
570 569 -0.00179051
569 570 -0.00179051
570 570 0.00357145
571 570 -0.00178094
570 571 -0.00178094
571 571 0.00355242
572 571 -0.00177148
571 572 -0.00177148
572 572 0.00353515
573 572 -0.00176367
572 573 -0.00176367
573 573 0.00351959
574 573 -0.00175593
573 574 -0.00175593
574 574 0.00350418
575 574 -0.00174825
574 575 -0.00174825
575 575 0.0034889
576 575 -0.00174064
575 576 -0.00174064
576 576 0.00347225
577 576 -0.0017316
576 577 -0.0017316
577 577 0.00345425
578 577 -0.00172265
577 578 -0.00172265
578 578 0.00343792
579 578 -0.00171527
578 579 -0.00171527
579 579 0.00342321
580 579 -0.00170794
579 580 -0.00170794
580 580 0.00340718
581 580 -0.00169924
580 581 -0.00169924
581 581 0.00338985
582 581 -0.00169062
581 582 -0.00169062
582 582 0.00337412
583 582 -0.0016835
582 583 -0.0016835
583 583 0.00335995
584 583 -0.00167645
583 584 -0.00167645
584 584 0.0033445
585 584 -0.00166806
584 585 -0.00166806
585 585 0.00332781
586 585 -0.00165975
585 586 -0.00165975
586 586 0.00331128
587 586 -0.00165153
586 587 -0.00165153
587 587 0.00329491
588 587 -0.00164339
587 588 -0.00164339
588 588 0.00328005
589 588 -0.00163666
588 589 -0.00163666
589 589 0.00326665
590 589 -0.00162999
589 590 -0.00162999
590 590 0.00325074
591 590 -0.00162075
590 591 -0.00162075
591 591 0.00323365
592 591 -0.0016129
591 592 -0.0016129
592 592 0.00321933
593 592 -0.00160643
592 593 -0.00160643
593 593 0.00320515
594 593 -0.00159872
593 594 -0.00159872
594 594 0.00318981
595 594 -0.00159109
594 595 -0.00159109
595 595 0.00317462
596 595 -0.00158353
595 596 -0.00158353
596 596 0.00315958
597 596 -0.00157604
596 597 -0.00157604
597 597 0.0031459
598 597 -0.00156986
597 598 -0.00156986
598 598 0.00313236
599 598 -0.0015625
598 599 -0.0015625
599 599 0.0031165
600 599 -0.001554
599 600 -0.001554
600 600 0.00310079
601 600 -0.00154679
600 601 -0.00154679
601 601 0.00308644
602 601 -0.00153965
601 602 -0.00153965
602 602 0.00307221
603 602 -0.00153257
602 603 -0.00153257
603 603 0.00305812
604 603 -0.00152555
603 604 -0.00152555
604 604 0.003043
605 604 -0.00151745
604 605 -0.00151745
605 605 0.00302802
606 605 -0.00151057
605 606 -0.00151057
606 606 0.00301433
607 606 -0.00150376
606 607 -0.00150376
607 607 0.00300077
608 607 -0.00149701
607 608 -0.00149701
608 608 0.00298732
609 608 -0.00149031
608 609 -0.00149031
609 609 0.00297289
610 609 -0.00148258
609 610 -0.00148258
610 610 0.00295859
611 610 -0.00147601
610 611 -0.00147601
611 611 0.00294552
612 611 -0.00146951
611 612 -0.00146951
612 612 0.0029315
613 612 -0.00146199
612 613 -0.00146199
613 613 0.00291759
614 613 -0.0014556
613 614 -0.0014556
614 614 0.00290488
615 614 -0.00144928
614 615 -0.00144928
615 615 0.0028902
616 615 -0.00144092
615 616 -0.00144092
616 616 0.00287564
617 616 -0.00143472
616 617 -0.00143472
617 617 0.00286329
618 617 -0.00142857
617 618 -0.00142857
618 618 0.00285004
619 618 -0.00142146
618 619 -0.00142146
619 619 0.00283589
620 619 -0.00141443
619 620 -0.00141443
620 620 0.00282288
621 620 -0.00140845
620 621 -0.00140845
621 621 0.00281098
622 621 -0.00140252
621 622 -0.00140252
622 622 0.00279722
623 622 -0.0013947
622 623 -0.0013947
623 623 0.00278263
624 623 -0.00138793
623 624 -0.00138793
624 624 0.0027701
625 624 -0.00138217
624 625 -0.00138217
625 625 0.00275769
626 625 -0.00137552
625 626 -0.00137552
626 626 0.00274444
627 626 -0.00136893
626 627 -0.00136893
627 627 0.00273225
628 627 -0.00136333
627 628 -0.00136333
628 628 0.00272018
629 628 -0.00135685
628 629 -0.00135685
629 629 0.00270638
630 629 -0.00134953
629 630 -0.00134953
630 630 0.00269271
631 630 -0.00134318
630 631 -0.00134318
631 631 0.00268098
632 631 -0.00133779
631 632 -0.00133779
632 632 0.00266935
633 632 -0.00133156
632 633 -0.00133156
633 633 0.00265606
634 633 -0.0013245
633 634 -0.0013245
634 634 0.00264289
635 634 -0.00131839
634 635 -0.00131839
635 635 0.00263073
636 635 -0.00131234
635 636 -0.00131234
636 636 0.00261867
637 636 -0.00130634
636 637 -0.00130634
637 637 0.00260673
638 637 -0.00130039
637 638 -0.00130039
638 638 0.00259405
639 638 -0.00129366
638 639 -0.00129366
639 639 0.00258149
640 639 -0.00128783
639 640 -0.00128783
640 640 0.00256988
641 640 -0.00128205
640 641 -0.00128205
641 641 0.00255838
642 641 -0.00127632
641 642 -0.00127632
642 642 0.00254697
643 642 -0.00127065
642 643 -0.00127065
643 643 0.00253487
644 643 -0.00126422
643 644 -0.00126422
644 644 0.00252208
645 644 -0.00125786
644 645 -0.00125786
645 645 0.00251021
646 645 -0.00125235
645 646 -0.00125235
646 646 0.00249845
647 646 -0.00124611
646 647 -0.00124611
647 647 0.00248603
648 647 -0.00123993
647 648 -0.00123993
648 648 0.00247526
649 648 -0.00123533
648 649 -0.00123533
649 649 0.00246459
650 649 -0.00122926
649 650 -0.00122926
650 650 0.0024525
651 650 -0.00122324
650 651 -0.00122324
651 651 0.00244053
652 651 -0.00121729
651 652 -0.00121729
652 652 0.00242867
653 652 -0.00121139
652 653 -0.00121139
653 653 0.00241766
654 653 -0.00120627
653 654 -0.00120627
654 654 0.00240675
655 654 -0.00120048
654 655 -0.00120048
655 655 0.00239522
656 655 -0.00119474
655 656 -0.00119474
656 656 0.0023838
657 656 -0.00118906
656 657 -0.00118906
657 657 0.00237249
658 657 -0.00118343
657 658 -0.00118343
658 658 0.00236198
659 658 -0.00117855
658 659 -0.00117855
659 659 0.00235157
660 659 -0.00117302
659 660 -0.00117302
660 660 0.00233988
661 660 -0.00116686
660 661 -0.00116686
661 661 0.0023283
662 661 -0.00116144
661 662 -0.00116144
662 662 0.00231751
663 662 -0.00115607
662 663 -0.00115607
663 663 0.00230682
664 663 -0.00115075
663 664 -0.00115075
664 664 0.00229622
665 664 -0.00114548
664 665 -0.00114548
665 665 0.00228573
666 665 -0.00114025
665 666 -0.00114025
666 666 0.00227468
667 666 -0.00113443
666 667 -0.00113443
667 667 0.00226374
668 667 -0.00112931
667 668 -0.00112931
668 668 0.00225353
669 668 -0.00112423
668 669 -0.00112423
669 669 0.0022428
670 669 -0.00111857
669 670 -0.00111857
670 670 0.00223215
671 670 -0.00111359
670 671 -0.00111359
671 671 0.00222223
672 671 -0.00110865
671 672 -0.00110865
672 672 0.00221179
673 672 -0.00110314
672 673 -0.00110314
673 673 0.00220084
674 673 -0.00109769
673 674 -0.00109769
674 674 0.00219059
675 674 -0.0010929
674 675 -0.0010929
675 675 0.00218044
676 675 -0.00108755
675 676 -0.00108755
676 676 0.0021698
677 676 -0.00108225
676 677 -0.00108225
677 677 0.00215984
678 677 -0.00107759
677 678 -0.00107759
678 678 0.00215055
679 678 -0.00107296
678 679 -0.00107296
679 679 0.00214077
680 679 -0.00106781
679 680 -0.00106781
680 680 0.00212994
681 680 -0.00106213
680 681 -0.00106213
681 681 0.00211922
682 681 -0.00105708
681 682 -0.00105708
682 682 0.00210971
683 682 -0.00105263
682 683 -0.00105263
683 683 0.0021003
684 683 -0.00104767
683 684 -0.00104767
684 684 0.00209042
685 684 -0.00104275
684 685 -0.00104275
685 685 0.00208064
686 685 -0.00103788
685 686 -0.00103788
686 686 0.00207094
687 686 -0.00103306
686 687 -0.00103306
687 687 0.00206134
688 687 -0.00102828
687 688 -0.00102828
688 688 0.0020513
689 688 -0.00102302
688 689 -0.00102302
689 689 0.00204135
690 689 -0.00101833
689 690 -0.00101833
690 690 0.00203201
691 690 -0.00101368
690 691 -0.00101368
691 691 0.00202277
692 691 -0.00100908
691 692 -0.00100908
692 692 0.0020136
693 692 -0.00100452
692 693 -0.00100452
693 693 0.00200402
694 693 -0.0009995
693 694 -0.0009995
694 694 0.00199403
695 694 -0.00099453
694 695 -0.00099453
695 695 0.00198463
696 695 -0.000990099
695 696 -0.000990099
696 696 0.00197581
697 696 -0.000985707
696 697 -0.000985707
697 697 0.00196658
698 697 -0.000980873
697 698 -0.000980873
698 698 0.00195696
699 698 -0.000976086
698 699 -0.000976086
699 699 0.0019479
700 699 -0.000971817
699 700 -0.000971817
700 700 0.0019394
701 700 -0.000967586
700 701 -0.000967586
701 701 0.00193005
702 701 -0.000962464
701 702 -0.000962464
702 702 0.00192032
703 702 -0.000957854
702 703 -0.000957854
703 703 0.0019116
704 703 -0.000953743
703 704 -0.000953743
704 704 0.00190296
705 704 -0.000949217
704 705 -0.000949217
705 705 0.00189395
706 705 -0.000944733
