0 0 0.0778033
1 0 -0.0258938
0 1 -0.0258938
1 1 0.0516662
2 1 -0.0257724
1 2 -0.0257724
2 2 0.0514241
3 2 -0.0256517
2 3 -0.0256517
3 3 0.0511834
4 3 -0.0255317
3 4 -0.0255317
4 4 0.0509437
5 4 -0.025412
4 5 -0.025412
5 5 0.0507049
6 5 -0.0252928
5 6 -0.0252928
6 6 0.0504672
7 6 -0.0251744
6 7 -0.0251744
7 7 0.0502309
8 7 -0.0250565
7 8 -0.0250565
8 8 0.0499959
9 8 -0.0249394
8 9 -0.0249394
9 9 0.0497619
10 9 -0.0248225
9 10 -0.0248225
10 10 0.0495285
11 10 -0.024706
10 11 -0.024706
11 11 0.0492968
12 11 -0.0245907
11 12 -0.0245907
12 12 0.0490663
13 12 -0.0244756
12 13 -0.0244756
13 13 0.0488366
14 13 -0.024361
13 14 -0.024361
14 14 0.0486082
15 14 -0.0242472
14 15 -0.0242472
15 15 0.048381
16 15 -0.0241338
15 16 -0.0241338
16 16 0.0481545
17 16 -0.0240207
16 17 -0.0240207
17 17 0.0479291
18 17 -0.0239084
17 18 -0.0239084
18 18 0.0477051
19 18 -0.0237967
18 19 -0.0237967
19 19 0.0474824
20 19 -0.0236857
19 20 -0.0236857
20 20 0.047261
21 20 -0.0235753
20 21 -0.0235753
21 21 0.0470403
22 21 -0.023465
21 22 -0.023465
22 22 0.0468202
23 22 -0.0233552
22 23 -0.0233552
23 23 0.0466012
24 23 -0.0232459
23 24 -0.0232459
24 24 0.0463832
25 24 -0.0231373
24 25 -0.0231373
25 25 0.0461676
26 25 -0.0230304
25 26 -0.0230304
26 26 0.0459532
27 26 -0.0229229
26 27 -0.0229229
27 27 0.0457393
28 27 -0.0228164
27 28 -0.0228164
28 28 0.0455274
29 28 -0.0227109
28 29 -0.0227109
29 29 0.0453148
30 29 -0.0226039
29 30 -0.0226039
30 30 0.0451043
31 30 -0.0225004
30 31 -0.0225004
31 31 0.0448958
32 31 -0.0223953
31 32 -0.0223953
32 32 0.0446842
33 32 -0.0222888
32 33 -0.0222888
33 33 0.044475
34 33 -0.0221861
33 34 -0.0221861
34 34 0.0442708
35 34 -0.0220846
34 35 -0.0220846
35 35 0.0440687
36 35 -0.0219841
35 36 -0.0219841
36 36 0.0438661
37 36 -0.021882
36 37 -0.021882
37 37 0.0436607
38 37 -0.0217786
37 38 -0.0217786
38 38 0.0434571
39 38 -0.0216785
38 39 -0.0216785
39 39 0.0432579
40 39 -0.0215794
39 40 -0.0215794
40 40 0.0430582
41 40 -0.0214788
40 41 -0.0214788
41 41 0.0428581
42 41 -0.0213792
41 42 -0.0213792
42 42 0.04266
43 42 -0.0212808
42 43 -0.0212808
43 43 0.0424644
44 43 -0.0211837
43 44 -0.0211837
44 44 0.0422693
45 44 -0.0210856
44 45 -0.0210856
45 45 0.0420741
46 45 -0.0209885
45 46 -0.0209885
46 46 0.0418829
47 46 -0.0208944
46 47 -0.0208944
47 47 0.0416935
48 47 -0.0207991
47 48 -0.0207991
48 48 0.0415016
49 48 -0.0207025
48 49 -0.0207025
49 49 0.0413093
50 49 -0.0206068
49 50 -0.0206068
50 50 0.0411211
51 50 -0.0205142
50 51 -0.0205142
51 51 0.0409346
52 51 -0.0204203
51 52 -0.0204203
52 52 0.0407477
53 52 -0.0203274
52 53 -0.0203274
53 53 0.0405631
54 53 -0.0202357
53 54 -0.0202357
54 54 0.0403773
55 54 -0.0201416
54 55 -0.0201416
55 55 0.0401922
56 55 -0.0200506
55 56 -0.0200506
56 56 0.0400131
57 56 -0.0199625
56 57 -0.0199625
57 57 0.0398357
58 57 -0.0198732
57 58 -0.0198732
58 58 0.0396561
59 58 -0.0197829
58 59 -0.0197829
59 59 0.0394763
60 59 -0.0196934
59 60 -0.0196934
60 60 0.0392982
61 60 -0.0196048
60 61 -0.0196048
61 61 0.0391217
62 61 -0.019517
61 62 -0.019517
62 62 0.038947
63 62 -0.01943
62 63 -0.01943
63 63 0.038772
64 63 -0.019342
63 64 -0.019342
64 64 0.0385969
65 64 -0.0192549
64 65 -0.0192549
65 65 0.0384246
66 65 -0.0191697
65 66 -0.0191697
66 66 0.0382559
67 66 -0.0190862
66 67 -0.0190862
67 67 0.0380878
68 67 -0.0190016
67 68 -0.0190016
68 68 0.0379195
69 68 -0.0189179
68 69 -0.0189179
69 69 0.0377529
70 69 -0.018835
69 70 -0.018835
70 70 0.0375878
71 70 -0.0187529
70 71 -0.0187529
71 71 0.0374244
72 71 -0.0186715
71 72 -0.0186715
72 72 0.0372591
73 72 -0.0185875
72 73 -0.0185875
73 73 0.0370953
74 73 -0.0185078
73 74 -0.0185078
74 74 0.0369349
75 74 -0.0184271
74 75 -0.0184271
75 75 0.0367726
76 75 -0.0183455
75 76 -0.0183455
76 76 0.0366104
77 76 -0.0182649
76 77 -0.0182649
77 77 0.0364511
78 77 -0.0181862
77 78 -0.0181862
78 78 0.0362956
79 78 -0.0181094
78 79 -0.0181094
79 79 0.036143
80 79 -0.0180335
79 80 -0.0180335
80 80 0.0359903
81 80 -0.0179568
80 81 -0.0179568
81 81 0.0358376
82 81 -0.0178808
81 82 -0.0178808
82 82 0.0356863
83 82 -0.0178055
82 83 -0.0178055
83 83 0.0355349
84 83 -0.0177294
83 84 -0.0177294
84 84 0.0353851
85 84 -0.0176557
84 85 -0.0176557
85 85 0.0352367
86 85 -0.0175811
85 86 -0.0175811
86 86 0.0350883
87 86 -0.0175072
86 87 -0.0175072
87 87 0.0349398
88 87 -0.0174326
87 88 -0.0174326
88 88 0.0347913
89 88 -0.0173587
88 89 -0.0173587
89 89 0.0346462
90 89 -0.0172875
89 90 -0.0172875
90 90 0.0345051
91 90 -0.0172176
90 91 -0.0172176
91 91 0.0343657
92 91 -0.0171481
91 92 -0.0171481
92 92 0.034227
93 92 -0.0170789
92 93 -0.0170789
93 93 0.0340892
94 93 -0.0170103
93 94 -0.0170103
94 94 0.0339512
95 94 -0.0169409
94 95 -0.0169409
95 95 0.0338148
96 95 -0.0168738
95 96 -0.0168738
96 96 0.0336812
97 96 -0.0168074
96 97 -0.0168074
97 97 0.0335461
98 97 -0.0167387
97 98 -0.0167387
98 98 0.033411
99 98 -0.0166722
98 99 -0.0166722
99 99 0.0332787
100 99 -0.0166064
99 100 -0.0166064
100 100 0.0331464
101 100 -0.0165399
100 101 -0.0165399
101 101 0.0330126
102 101 -0.0164727
101 102 -0.0164727
102 102 0.0328811
103 102 -0.0164084
102 103 -0.0164084
103 103 0.0327546
104 103 -0.0163462
103 104 -0.0163462
104 104 0.0326322
105 104 -0.016286
104 105 -0.016286
105 105 0.0325128
106 105 -0.0162268
105 106 -0.0162268
106 106 0.032391
107 106 -0.0161642
106 107 -0.0161642
107 107 0.0322677
108 107 -0.0161035
107 108 -0.0161035
108 108 0.0321483
109 108 -0.0160447
108 109 -0.0160447
109 109 0.0320288
110 109 -0.0159841
109 110 -0.0159841
110 110 0.0319094
111 110 -0.0159253
110 111 -0.0159253
111 111 0.0317913
112 111 -0.015866
111 112 -0.015866
112 112 0.031672
113 112 -0.015806
112 113 -0.015806
113 113 0.0315538
114 113 -0.0157478
113 114 -0.0157478
114 114 0.031437
115 114 -0.0156892
114 115 -0.0156892
115 115 0.0313212
116 115 -0.015632
115 116 -0.015632
116 116 0.0312108
117 116 -0.0155788
116 117 -0.0155788
117 117 0.0311063
118 117 -0.0155275
117 118 -0.0155275
118 118 0.0310033
119 118 -0.0154757
118 119 -0.0154757
119 119 0.030899
120 119 -0.0154233
119 120 -0.0154233
120 120 0.0307936
121 120 -0.0153703
120 121 -0.0153703
121 121 0.030688
122 121 -0.0153177
121 122 -0.0153177
122 122 0.0305836
123 122 -0.0152658
122 123 -0.0152658
123 123 0.0304794
124 123 -0.0152135
123 124 -0.0152135
124 124 0.0303752
125 124 -0.0151616
124 125 -0.0151616
125 125 0.0302731
126 125 -0.0151114
125 126 -0.0151114
126 126 0.0301722
127 126 -0.0150608
126 127 -0.0150608
127 127 0.0300693
128 127 -0.0150085
127 128 -0.0150085
128 128 0.0299664
129 128 -0.0149579
128 129 -0.0149579
129 129 0.0298705
130 129 -0.0149126
129 130 -0.0149126
130 130 0.0297846
131 130 -0.014872
130 131 -0.014872
131 131 0.0297026
132 131 -0.0148306
131 132 -0.0148306
132 132 0.0296172
133 132 -0.0147866
132 133 -0.0147866
133 133 0.029529
134 133 -0.0147424
133 134 -0.0147424
134 134 0.0294401
135 134 -0.0146978
134 135 -0.0146978
135 135 0.0293512
136 135 -0.0146535
135 136 -0.0146535
136 136 0.0292621
137 136 -0.0146087
136 137 -0.0146087
137 137 0.0291733
138 137 -0.0145646
137 138 -0.0145646
138 138 0.0290857
139 138 -0.0145211
138 139 -0.0145211
139 139 0.0289991
140 139 -0.014478
139 140 -0.014478
140 140 0.0289125
141 140 -0.0144345
140 141 -0.0144345
141 141 0.028825
142 141 -0.0143905
141 142 -0.0143905
142 142 0.0287392
143 142 -0.0143487
142 143 -0.0143487
143 143 0.0286636
144 143 -0.0143149
143 144 -0.0143149
144 144 0.0286052
145 144 -0.0142904
144 145 -0.0142904
145 145 0.0285508
146 145 -0.0142605
145 146 -0.0142605
146 146 0.0284834
147 146 -0.0142229
146 147 -0.0142229
147 147 0.0284078
148 147 -0.0141848
147 148 -0.0141848
148 148 0.028333
149 148 -0.0141482
148 149 -0.0141482
149 149 0.0282603
150 149 -0.0141121
149 150 -0.0141121
150 150 0.0281868
151 150 -0.0140747
150 151 -0.0140747
151 151 0.0281123
152 151 -0.0140376
151 152 -0.0140376
152 152 0.0280388
153 152 -0.0140012
152 153 -0.0140012
153 153 0.0279664
154 153 -0.0139652
153 154 -0.0139652
154 154 0.0278949
155 154 -0.0139296
154 155 -0.0139296
155 155 0.0278233
156 155 -0.0138937
155 156 -0.0138937
156 156 0.027757
157 156 -0.0138634
156 157 -0.0138634
157 157 0.0277104
158 157 -0.0138471
157 158 -0.0138471
158 158 0.0276836
159 158 -0.0138365
158 159 -0.0138365
159 159 0.0276509
160 159 -0.0138143
159 160 -0.0138143
160 160 0.0275973
161 160 -0.013783
160 161 -0.013783
161 161 0.0275358
162 161 -0.0137528
161 162 -0.0137528
162 162 0.0274766
163 162 -0.0137238
162 163 -0.0137238
163 163 0.0274173
164 163 -0.0136936
163 164 -0.0136936
164 164 0.0273566
165 164 -0.0136631
164 165 -0.0136631
165 165 0.0272969
166 165 -0.0136338
165 166 -0.0136338
166 166 0.0272379
167 166 -0.0136041
166 167 -0.0136041
167 167 0.0271782
168 167 -0.0135741
167 168 -0.0135741
168 168 0.0271228
169 168 -0.0135486
168 169 -0.0135486
169 169 0.0270687
170 169 -0.01352
169 170 -0.01352
170 170 0.0270146
171 170 -0.0134946
170 171 -0.0134946
171 171 0.0269982
172 171 -0.0135037
171 172 -0.0135037
172 172 0.0270191
173 172 -0.0135154
172 173 -0.0135154
173 173 0.0270143
174 173 -0.0134989
173 174 -0.0134989
174 174 0.026967
175 174 -0.0134681
174 175 -0.0134681
175 175 0.0269137
176 175 -0.0134456
175 176 -0.0134456
176 176 0.0268693
177 176 -0.0134237
176 177 -0.0134237
177 177 0.0268182
178 177 -0.0133945
177 178 -0.0133945
178 178 0.026768
179 178 -0.0133735
178 179 -0.0133735
179 179 0.0267262
180 179 -0.0133527
179 180 -0.0133527
180 180 0.0266849
181 180 -0.0133321
180 181 -0.0133321
181 181 0.0266368
182 181 -0.0133047
181 182 -0.0133047
182 182 0.0265823
183 182 -0.0132777
182 183 -0.0132777
183 183 0.0265388
184 183 -0.0132612
183 184 -0.0132612
184 184 0.02653
185 184 -0.0132688
184 185 -0.0132688
185 185 0.0265743
186 185 -0.0133055
185 186 -0.0133055
186 186 0.0266262
187 186 -0.0133207
186 187 -0.0133207
187 187 0.0266276
188 187 -0.0133069
187 188 -0.0133069
188 188 0.0265929
189 188 -0.013286
188 189 -0.013286
189 189 0.026544
190 189 -0.0132581
189 190 -0.0132581
190 190 0.0265034
191 190 -0.0132453
190 191 -0.0132453
191 191 0.0264707
192 191 -0.0132254
191 192 -0.0132254
192 192 0.0264312
193 192 -0.0132058
192 193 -0.0132058
193 193 0.0263928
194 193 -0.013187
193 194 -0.013187
194 194 0.0263558
195 194 -0.0131688
194 195 -0.0131688
195 195 0.0263193
196 195 -0.0131505
195 196 -0.0131505
196 196 0.0262832
197 196 -0.0131327
196 197 -0.0131327
197 197 0.0262734
198 197 -0.0131407
197 198 -0.0131407
198 198 0.0263294
199 198 -0.0131887
198 199 -0.0131887
199 199 0.0264345
200 199 -0.0132459
199 200 -0.0132459
200 200 0.0264982
201 200 -0.0132523
200 201 -0.0132523
201 201 0.0264846
202 201 -0.0132323
201 202 -0.0132323
202 202 0.0264447
203 202 -0.0132124
202 203 -0.0132124
203 203 0.0264121
204 203 -0.0131998
203 204 -0.0131998
204 204 0.0263876
205 204 -0.0131878
204 205 -0.0131878
205 205 0.0263575
206 205 -0.0131697
205 206 -0.0131697
206 206 0.0263278
207 206 -0.0131581
206 207 -0.0131581
207 207 0.026299
208 207 -0.0131408
207 208 -0.0131408
208 208 0.0262644
209 208 -0.0131236
208 209 -0.0131236
209 209 0.0262362
210 209 -0.0131126
209 210 -0.0131126
210 210 0.0262232
211 210 -0.0131106
210 211 -0.0131106
211 211 0.0262871
212 211 -0.0131766
211 212 -0.0131766
212 212 0.026449
213 212 -0.0132724
212 213 -0.0132724
213 213 0.0265741
214 213 -0.0133017
213 214 -0.0133017
214 214 0.0265961
215 214 -0.0132944
214 215 -0.0132944
215 215 0.0265821
216 215 -0.0132877
215 216 -0.0132877
216 216 0.0265571
217 216 -0.0132694
216 217 -0.0132694
217 217 0.0265271
218 217 -0.0132577
217 218 -0.0132577
218 218 0.0265036
219 218 -0.0132459
218 219 -0.0132459
219 219 0.0264738
220 219 -0.0132279
219 220 -0.0132279
220 220 0.0264508
221 220 -0.0132229
220 221 -0.0132229
221 221 0.026435
222 221 -0.0132121
221 222 -0.0132121
222 222 0.0264077
223 222 -0.0131956
222 223 -0.0131956
223 223 0.0263862
224 223 -0.0131905
223 224 -0.0131905
224 224 0.0264493
225 224 -0.0132588
224 225 -0.0132588
225 225 0.0266687
226 225 -0.0134099
225 226 -0.0134099
226 226 0.0268922
227 226 -0.0134823
226 227 -0.0134823
227 227 0.0269506
228 227 -0.0134683
227 228 -0.0134683
228 228 0.0269234
229 228 -0.0134551
228 229 -0.0134551
229 229 0.0269035
230 229 -0.0134484
229 230 -0.0134484
230 230 0.0268896
231 230 -0.0134413
230 231 -0.0134413
231 231 0.026864
232 231 -0.0134227
231 232 -0.0134227
232 232 0.0268332
233 232 -0.0134105
232 233 -0.0134105
233 233 0.0268149
234 233 -0.0134045
233 234 -0.0134045
234 234 0.0268032
235 234 -0.0133987
234 235 -0.0133987
235 235 0.0267862
236 235 -0.0133874
235 236 -0.0133874
236 236 0.0267647
237 236 -0.0133773
236 237 -0.0133773
237 237 0.0268525
238 237 -0.0134752
237 238 -0.0134752
238 238 0.0271452
239 238 -0.01367
238 239 -0.01367
239 239 0.0274331
240 239 -0.0137632
239 240 -0.0137632
240 240 0.0275169
241 240 -0.0137537
240 241 -0.0137537
241 241 0.0274981
242 241 -0.0137444
241 242 -0.0137444
242 242 0.0274741
243 242 -0.0137297
242 243 -0.0137297
243 243 0.0274509
244 243 -0.0137212
243 244 -0.0137212
244 244 0.0274335
245 244 -0.0137123
244 245 -0.0137123
245 245 0.0274104
246 245 -0.0136981
245 246 -0.0136981
246 246 0.0273892
247 246 -0.0136911
246 247 -0.0136911
247 247 0.02737
248 247 -0.0136789
247 248 -0.0136789
248 248 0.0273502
249 248 -0.0136713
248 249 -0.0136713
249 249 0.0273625
250 249 -0.0136911
249 250 -0.0136911
250 250 0.0275322
251 250 -0.013841
250 251 -0.013841
251 251 0.0279067
252 251 -0.0140657
251 252 -0.0140657
252 252 0.0282209
253 252 -0.0141553
252 253 -0.0141553
253 253 0.0282917
254 253 -0.0141364
253 254 -0.0141364
254 254 0.0282603
255 254 -0.0141239
254 255 -0.0141239
255 255 0.0282422
256 255 -0.0141183
255 256 -0.0141183
256 256 0.0282257
257 256 -0.0141074
256 257 -0.0141074
257 257 0.028204
258 257 -0.0140967
257 258 -0.0140967
258 258 0.0281822
259 258 -0.0140855
258 259 -0.0140855
259 259 0.0281601
260 259 -0.0140746
259 260 -0.0140746
260 260 0.0281344
261 260 -0.0140598
260 261 -0.0140598
261 261 0.0281054
262 261 -0.0140455
261 262 -0.0140455
262 262 0.0281856
263 262 -0.01414
262 263 -0.01414
263 263 0.028537
264 263 -0.014397
263 264 -0.014397
264 264 0.0290004
265 264 -0.0146034
264 265 -0.0146034
265 265 0.0292444
266 265 -0.014641
265 266 -0.014641
266 266 0.0292653
267 266 -0.0146243
266 267 -0.0146243
267 267 0.0292388
268 267 -0.0146145
267 268 -0.0146145
268 268 0.029215
269 268 -0.0146004
268 269 -0.0146004
269 269 0.029186
270 269 -0.0145856
269 270 -0.0145856
270 270 0.0291567
271 270 -0.0145711
270 271 -0.0145711
271 271 0.0291283
272 271 -0.0145573
271 272 -0.0145573
272 272 0.0291066
273 272 -0.0145493
272 273 -0.0145493
273 273 0.0290852
274 273 -0.0145359
273 274 -0.0145359
274 274 0.0291101
275 274 -0.0145742
274 275 -0.0145742
275 275 0.0293795
276 275 -0.0148053
275 276 -0.0148053
276 276 0.029922
277 276 -0.0151167
276 277 -0.0151167
277 277 0.0303498
278 277 -0.0152331
277 278 -0.0152331
278 278 0.0304499
279 278 -0.0152168
278 279 -0.0152168
279 279 0.0304198
280 279 -0.015203
279 280 -0.015203
280 280 0.0303867
281 280 -0.0151837
280 281 -0.0151837
281 281 0.0303474
282 281 -0.0151637
281 282 -0.0151637
282 282 0.0303139
283 282 -0.0151501
282 283 -0.0151501
283 283 0.0302882
284 283 -0.015138
283 284 -0.015138
284 284 0.0302584
285 284 -0.0151204
284 285 -0.0151204
285 285 0.0302221
286 285 -0.0151017
285 286 -0.0151017
286 286 0.0302228
287 286 -0.0151211
286 287 -0.0151211
287 287 0.0304774
288 287 -0.0153563
287 288 -0.0153563
288 288 0.0311025
289 288 -0.0157462
288 289 -0.0157462
289 289 0.0316649
290 289 -0.0159187
289 290 -0.0159187
290 290 0.0318174
291 290 -0.0158987
290 291 -0.0158987
291 291 0.0317772
292 291 -0.0158785
291 292 -0.0158785
292 292 0.0317317
293 292 -0.0158531
292 293 -0.0158531
293 293 0.0316884
294 293 -0.0158353
293 294 -0.0158353
294 294 0.0316518
295 294 -0.0158165
294 295 -0.0158165
295 295 0.0316078
296 295 -0.0157913
295 296 -0.0157913
296 296 0.0315641
297 296 -0.0157728
296 297 -0.0157728
297 297 0.0315246
298 297 -0.0157518
297 298 -0.0157518
298 298 0.0315438
299 298 -0.015792
298 299 -0.015792
299 299 0.031876
300 299 -0.016084
299 300 -0.016084
300 300 0.0325909
301 300 -0.0165069
300 301 -0.0165069
301 301 0.0331872
302 301 -0.0166803
301 302 -0.0166803
302 302 0.0333345
303 302 -0.0166542
302 303 -0.0166542
303 303 0.0332845
304 303 -0.0166302
303 304 -0.0166302
304 304 0.033237
305 304 -0.0166067
304 305 -0.0166067
305 305 0.0331874
306 305 -0.0165807
305 306 -0.0165807
306 306 0.0331351
307 306 -0.0165544
306 307 -0.0165544
307 307 0.0330802
308 307 -0.0165258
307 308 -0.0165258
308 308 0.0330293
309 308 -0.0165035
308 309 -0.0165035
309 309 0.0329836
310 309 -0.0164801
309 310 -0.0164801
310 310 0.0330843
311 310 -0.0166042
310 311 -0.0166042
311 311 0.0336197
312 311 -0.0170156
311 312 -0.0170156
312 312 0.034428
313 312 -0.0174124
312 313 -0.0174124
313 313 0.0349279
314 313 -0.0175154
313 314 -0.0175154
314 314 0.0349991
315 314 -0.0174837
314 315 -0.0174837
315 315 0.0349394
316 315 -0.0174558
315 316 -0.0174558
316 316 0.0348737
317 316 -0.017418
316 317 -0.017418
317 317 0.0348057
318 317 -0.0173877
317 318 -0.0173877
318 318 0.0347466
319 318 -0.0173589
318 319 -0.0173589
319 319 0.0346895
320 319 -0.0173306
319 320 -0.0173306
320 320 0.0346307
321 320 -0.0173001
320 321 -0.0173001
321 321 0.0345918
322 321 -0.0172917
321 322 -0.0172917
322 322 0.0348895
323 322 -0.0175978
322 323 -0.0175978
323 323 0.0357785
324 323 -0.0181806
323 324 -0.0181806
324 324 0.0366278
325 324 -0.0184472
324 325 -0.0184472
325 325 0.0368528
326 325 -0.0184056
325 326 -0.0184056
326 326 0.0367766
327 326 -0.018371
326 327 -0.018371
327 327 0.0367065
328 327 -0.0183355
327 328 -0.0183355
328 328 0.03663
329 328 -0.0182944
328 329 -0.0182944
329 329 0.0365548
330 329 -0.0182603
329 330 -0.0182603
330 330 0.0364829
331 330 -0.0182226
330 331 -0.0182226
331 331 0.0364038
332 331 -0.0181813
331 332 -0.0181813
332 332 0.0363321
333 332 -0.0181508
332 333 -0.0181508
333 333 0.0365475
334 333 -0.0183967
333 334 -0.0183967
334 334 0.0373929
335 334 -0.0189962
334 335 -0.0189962
335 335 0.0383695
336 335 -0.0193733
335 336 -0.0193733
336 336 0.0387681
337 336 -0.0193948
336 337 -0.0193948
337 337 0.0387425
338 337 -0.0193477
337 338 -0.0193477
338 338 0.0386489
339 338 -0.0193012
338 339 -0.0193012
339 339 0.0385632
340 339 -0.0192619
339 340 -0.0192619
340 340 0.0384787
341 340 -0.0192168
340 341 -0.0192168
341 341 0.0383899
342 341 -0.0191731
341 342 -0.0191731
342 342 0.0383032
343 342 -0.0191301
342 343 -0.0191301
343 343 0.0382178
344 343 -0.0190877
343 344 -0.0190877
344 344 0.0384264
345 344 -0.0193387
344 345 -0.0193387
345 345 0.0393157
346 345 -0.0199769
345 346 -0.0199769
346 346 0.040377
347 346 -0.0204001
346 347 -0.0204001
347 347 0.0408302
348 347 -0.0204301
347 348 -0.0204301
348 348 0.0408099
349 348 -0.0203799
348 349 -0.0203799
349 349 0.0407057
350 349 -0.0203258
349 350 -0.0203258
350 350 0.0405973
351 350 -0.0202715
350 351 -0.0202715
351 351 0.0404962
352 351 -0.0202247
351 352 -0.0202247
352 352 0.0403964
353 352 -0.0201718
352 353 -0.0201718
353 353 0.0402923
354 353 -0.0201205
353 354 -0.0201205
354 354 0.040194
355 354 -0.0200735
354 355 -0.0200735
355 355 0.0404844
356 355 -0.0204109
355 356 -0.0204109
356 356 0.0415932
357 356 -0.0211823
356 357 -0.0211823
357 357 0.042742
358 357 -0.0215597
357 358 -0.0215597
358 358 0.0430603
359 358 -0.0215006
358 359 -0.0215006
359 359 0.0429398
360 359 -0.0214392
359 360 -0.0214392
360 360 0.0428208
361 360 -0.0213817
360 361 -0.0213817
361 361 0.0427106
362 361 -0.021329
361 362 -0.021329
362 362 0.0425987
363 362 -0.0212698
362 363 -0.0212698
363 363 0.042479
364 363 -0.0212092
363 364 -0.0212092
364 364 0.0423587
365 364 -0.0211495
364 365 -0.0211495
365 365 0.0424022
366 365 -0.0212527
365 366 -0.0212527
366 366 0.043046
367 366 -0.0217933
366 367 -0.0217933
367 367 0.0442436
368 367 -0.0224503
367 368 -0.0224503
368 368 0.0451208
369 368 -0.0226705
368 369 -0.0226705
369 369 0.0452732
370 369 -0.0226028
369 370 -0.0226028
370 370 0.0451356
371 370 -0.0225328
370 371 -0.0225328
371 371 0.0449975
372 371 -0.0224647
371 372 -0.0224647
372 372 0.0448646
373 372 -0.0223999
372 373 -0.0223999
373 373 0.0447399
374 373 -0.02234
373 374 -0.02234
374 374 0.0446098
375 374 -0.0222698
374 375 -0.0222698
375 375 0.0444748
376 375 -0.0222049
375 376 -0.0222049
376 376 0.0447939
377 376 -0.0225889
376 377 -0.0225889
377 377 0.0460378
378 377 -0.0234489
377 378 -0.0234489
378 378 0.047317
379 378 -0.0238681
378 379 -0.0238681
379 379 0.0476632
380 379 -0.0237951
379 380 -0.0237951
380 380 0.0475068
381 380 -0.0237117
380 381 -0.0237117
381 381 0.0473461
382 381 -0.0236344
381 382 -0.0236344
382 382 0.0471954
383 382 -0.023561
382 383 -0.023561
383 383 0.0470534
384 383 -0.0234924
383 384 -0.0234924
384 384 0.0469141
385 384 -0.0234217
384 385 -0.0234217
385 385 0.0467666
386 385 -0.0233449
385 386 -0.0233449
386 386 0.0469915
387 386 -0.0236466
386 387 -0.0236466
387 387 0.0481007
388 387 -0.0244541
387 388 -0.0244541
388 388 0.0494347
389 388 -0.0249806
388 389 -0.0249806
389 389 0.049977
390 389 -0.0249964
389 390 -0.0249964
390 390 0.049909
391 390 -0.0249126
390 391 -0.0249126
391 391 0.0497434
392 391 -0.0248308
391 392 -0.0248308
392 392 0.0495763
393 392 -0.0247454
392 393 -0.0247454
393 393 0.0494109
394 393 -0.0246655
393 394 -0.0246655
394 394 0.049252
395 394 -0.0245865
394 395 -0.0245865
395 395 0.049086
396 395 -0.0244995
395 396 -0.0244995
396 396 0.0493108
397 396 -0.0248113
396 397 -0.0248113
397 397 0.0504712
398 397 -0.0256599
397 398 -0.0256599
398 398 0.0518612
399 398 -0.0262013
398 399 -0.0262013
399 399 0.0524087
400 399 -0.0262074
399 400 -0.0262074
400 400 0.0523269
401 400 -0.0261195
400 401 -0.0261195
401 401 0.0521428
402 401 -0.0260233
401 402 -0.0260233
402 402 0.0519526
403 402 -0.0259293
402 403 -0.0259293
403 403 0.0517707
404 403 -0.0258414
403 404 -0.0258414
404 404 0.0515958
405 404 -0.0257544
404 405 -0.0257544
405 405 0.0514277
406 405 -0.0256733
405 406 -0.0256733
406 406 0.0517733
407 406 -0.0261
406 407 -0.0261
407 407 0.0531607
408 407 -0.0270607
407 408 -0.0270607
408 408 0.0545662
409 408 -0.0275054
408 409 -0.0275054
409 409 0.0549142
410 409 -0.0274088
409 410 -0.0274088
410 410 0.0547179
411 410 -0.0273091
410 411 -0.0273091
411 411 0.0545151
412 411 -0.027206
411 412 -0.027206
412 412 0.0543166
413 412 -0.0271106
412 413 -0.0271106
413 413 0.054123
414 413 -0.0270124
413 414 -0.0270124
414 414 0.053926
415 414 -0.0269136
414 415 -0.0269136
415 415 0.053934
416 415 -0.0270203
415 416 -0.0270203
416 416 0.054694
417 416 -0.0276737
416 417 -0.0276737
417 417 0.0561367
418 417 -0.028463
417 418 -0.028463
418 418 0.0571612
419 418 -0.0286983
418 419 -0.0286983
419 419 0.0572836
420 419 -0.0285853
419 420 -0.0285853
420 420 0.0570654
421 420 -0.02848
420 421 -0.02848
421 421 0.0568506
422 421 -0.0283706
421 422 -0.0283706
422 422 0.056628
423 422 -0.0282573
422 423 -0.0282573
423 423 0.0564177
424 423 -0.0281604
423 424 -0.0281604
424 424 0.0562108
425 424 -0.0280504
424 425 -0.0280504
425 425 0.056515
426 425 -0.0284645
425 426 -0.0284645
426 426 0.057929
427 426 -0.0294645
426 427 -0.0294645
427 427 0.0594031
428 427 -0.0299386
427 428 -0.0299386
428 428 0.059778
429 428 -0.0298394
428 429 -0.0298394
429 429 0.0595694
430 429 -0.02973
429 430 -0.02973
430 430 0.0593418
431 430 -0.0296119
430 431 -0.0296119
431 431 0.0591051
432 431 -0.0294932
431 432 -0.0294932
432 432 0.0588702
433 432 -0.0293769
432 433 -0.0293769
433 433 0.0586377
434 433 -0.0292608
433 434 -0.0292608
434 434 0.0588014
435 434 -0.0295407
434 435 -0.0295407
435 435 0.0599406
436 435 -0.0303999
435 436 -0.0303999
436 436 0.0614294
437 436 -0.0310295
436 437 -0.0310295
437 437 0.0620961
438 437 -0.0310666
437 438 -0.0310666
438 438 0.0620044
439 438 -0.0309378
438 439 -0.0309378
439 439 0.0617532
440 439 -0.0308154
439 440 -0.0308154
440 440 0.0614971
441 440 -0.0306817
440 441 -0.0306817
441 441 0.0612436
442 441 -0.0305619
441 442 -0.0305619
442 442 0.0610097
443 442 -0.0304478
442 443 -0.0304478
443 443 0.0611238
444 443 -0.030676
443 444 -0.030676
444 444 0.0621665
445 444 -0.0314905
444 445 -0.0314905
445 445 0.063656
446 445 -0.0321654
445 446 -0.0321654
446 446 0.0644066
447 446 -0.0322412
446 447 -0.0322412
447 447 0.0643366
448 447 -0.0320955
447 448 -0.0320955
448 448 0.0640511
449 448 -0.0319557
448 449 -0.0319557
449 449 0.0637905
450 449 -0.0318348
449 450 -0.0318348
450 450 0.06355
451 450 -0.0317152
450 451 -0.0317152
451 451 0.0632957
452 451 -0.0315805
451 452 -0.0315805
452 452 0.0634293
453 452 -0.0318488
452 453 -0.0318488
453 453 0.0645586
454 453 -0.0327098
453 454 -0.0327098
454 454 0.0660381
455 454 -0.0333283
454 455 -0.0333283
455 455 0.0666772
456 455 -0.0333489
455 456 -0.0333489
456 456 0.0665533
457 456 -0.0332043
456 457 -0.0332043
457 457 0.0662628
458 457 -0.0330584
457 458 -0.0330584
458 458 0.0659763
459 458 -0.0329179
458 459 -0.0329179
459 459 0.0656954
460 459 -0.0327775
459 460 -0.0327775
460 460 0.0654248
461 460 -0.0326473
460 461 -0.0326473
461 461 0.0657208
462 461 -0.0330735
461 462 -0.0330735
462 462 0.0671458
463 462 -0.0340723
462 463 -0.0340723
463 463 0.0685932
464 463 -0.0345209
463 464 -0.0345209
464 464 0.0688958
465 464 -0.0343749
464 465 -0.0343749
465 465 0.0686012
466 465 -0.0342263
465 466 -0.0342263
466 466 0.0683078
467 466 -0.0340816
466 467 -0.0340816
467 467 0.0680075
468 467 -0.0339259
467 468 -0.0339259
468 468 0.0677071
469 468 -0.0337812
468 469 -0.0337812
469 469 0.0676493
470 469 -0.0338681
469 470 -0.0338681
470 470 0.068381
471 470 -0.0345129
470 471 -0.0345129
471 471 0.0697968
472 471 -0.0352839
471 472 -0.0352839
472 472 0.0707629
473 472 -0.035479
472 473 -0.035479
473 473 0.0707975
474 473 -0.0353185
473 474 -0.0353185
474 474 0.0704896
475 474 -0.0351711
474 475 -0.0351711
475 475 0.0701833
476 475 -0.0350122
475 476 -0.0350122
476 476 0.0698682
477 476 -0.034856
476 477 -0.034856
477 477 0.0695572
478 477 -0.0347012
477 478 -0.0347012
478 478 0.0697814
479 478 -0.0350802
478 479 -0.0350802
479 479 0.0711348
480 479 -0.0360546
479 480 -0.0360546
480 480 0.0725492
481 480 -0.0364946
480 481 -0.0364946
481 481 0.0728298
482 481 -0.0363352
481 482 -0.0363352
482 482 0.0724985
483 482 -0.0361633
482 483 -0.0361633
483 483 0.0721647
484 483 -0.0360015
483 484 -0.0360015
484 484 0.0718453
485 484 -0.0358438
484 485 -0.0358438
485 485 0.0715353
486 485 -0.0356915
485 486 -0.0356915
486 486 0.071593
487 486 -0.0359016
486 487 -0.0359016
487 487 0.0725689
488 487 -0.0366674
487 488 -0.0366674
488 488 0.0739011
489 488 -0.0372337
488 489 -0.0372337
489 489 0.0744825
490 489 -0.0372488
489 490 -0.0372488
490 490 0.0743294
491 490 -0.0370807
490 491 -0.0370807
491 491 0.0739769
492 491 -0.0368962
491 492 -0.0368962
492 492 0.0736339
493 492 -0.0367377
492 493 -0.0367377
493 493 0.0733107
494 493 -0.036573
493 494 -0.036573
494 494 0.0732752
495 494 -0.0367021
494 495 -0.0367021
495 495 0.0740904
496 495 -0.0373883
495 496 -0.0373883
496 496 0.075382
497 496 -0.0379936
496 497 -0.0379936
497 497 0.076041
498 497 -0.0380473
497 498 -0.0380473
498 498 0.0759109
499 498 -0.0378636
498 499 -0.0378636
499 499 0.0755576
500 499 -0.037694
499 500 -0.037694
500 500 0.0752246
501 500 -0.0375306
500 501 -0.0375306
501 501 0.0748802
502 501 -0.0373495
501 502 -0.0373495
502 502 0.0748356
503 502 -0.0374861
502 503 -0.0374861
503 503 0.0756298
504 503 -0.0381438
503 504 -0.0381438
504 504 0.0768432
505 504 -0.0386994
504 505 -0.0386994
505 505 0.0774391
506 505 -0.0387397
505 506 -0.0387397
506 506 0.077312
507 506 -0.0385723
506 507 -0.0385723
507 507 0.0769706
508 507 -0.0383983
507 508 -0.0383983
508 508 0.0766056
509 508 -0.0382073
508 509 -0.0382073
509 509 0.076239
510 509 -0.0380316
509 510 -0.0380316
510 510 0.0762562
511 510 -0.0382246
510 511 -0.0382246
511 511 0.0771335
512 511 -0.0389089
511 512 -0.0389089
512 512 0.0782794
513 512 -0.0393705
512 513 -0.0393705
513 513 0.078702
514 513 -0.0393316
513 514 -0.0393316
514 514 0.0784879
515 514 -0.0391564
514 515 -0.0391564
515 515 0.0781259
516 515 -0.0389696
515 516 -0.0389696
516 516 0.0777443
517 516 -0.0387747
516 517 -0.0387747
517 517 0.07738
518 517 -0.0386052
517 518 -0.0386052
518 518 0.0775247
519 518 -0.0389195
518 519 -0.0389195
519 519 0.0786212
520 519 -0.0397017
519 520 -0.0397017
520 520 0.0797067
521 520 -0.0400051
520 521 -0.0400051
521 521 0.0798242
522 521 -0.0398191
521 522 -0.0398191
522 522 0.0794436
523 522 -0.0396245
522 523 -0.0396245
523 523 0.0790459
524 523 -0.0394213
523 524 -0.0394213
524 524 0.0786495
525 524 -0.0392281
524 525 -0.0392281
525 525 0.0784803
526 525 -0.0392522
525 526 -0.0392522
526 526 0.0790004
527 526 -0.0397482
526 527 -0.0397482
527 527 0.0800403
528 527 -0.0402921
527 528 -0.0402921
528 528 0.0806511
529 528 -0.040359
528 529 -0.040359
529 529 0.0805309
530 529 -0.0401719
529 530 -0.0401719
530 530 0.0801443
531 530 -0.0399724
530 531 -0.0399724
531 531 0.0797449
532 531 -0.0397725
531 532 -0.0397725
532 532 0.0793628
533 532 -0.0395903
532 533 -0.0395903
533 533 0.0794279
534 533 -0.0398376
533 534 -0.0398376
534 534 0.0803873
535 534 -0.0405497
534 535 -0.0405497
535 535 0.081374
536 535 -0.0408243
535 536 -0.0408243
536 536 0.0814505
537 536 -0.0406262
536 537 -0.0406262
537 537 0.0810604
538 537 -0.0404342
537 538 -0.0404342
538 538 0.0806627
539 538 -0.0402285
538 539 -0.0402285
539 539 0.0802542
540 539 -0.0400257
539 540 -0.0400257
540 540 0.0801318
541 540 -0.0401062
540 541 -0.0401062
541 541 0.0807313
542 541 -0.0406251
541 542 -0.0406251
542 542 0.0816447
543 542 -0.0410195
542 543 -0.0410195
543 543 0.0819877
544 543 -0.0409682
543 544 -0.0409682
544 544 0.081739
545 544 -0.0407708
544 545 -0.0407708
545 545 0.0813323
546 545 -0.0405615
545 546 -0.0405615
546 546 0.0809247
547 546 -0.0403632
546 547 -0.0403632
547 547 0.0807219
548 547 -0.0403588
547 548 -0.0403588
548 548 0.081098
549 548 -0.0407392
548 549 -0.0407392
549 549 0.0819149
550 549 -0.0411756
549 550 -0.0411756
550 550 0.0824025
551 550 -0.0412268
550 551 -0.0412268
551 551 0.0822443
552 551 -0.0410174
551 552 -0.0410174
552 552 0.0818331
553 552 -0.0408157
552 553 -0.0408157
553 553 0.0814168
554 553 -0.0406011
553 554 -0.0406011
554 554 0.0811121
555 554 -0.040511
554 555 -0.040511
555 555 0.0813952
556 555 -0.0408842
555 556 -0.0408842
556 556 0.0822311
557 556 -0.0413469
556 557 -0.0413469
557 557 0.0826971
558 557 -0.0413503
557 558 -0.0413503
558 558 0.0824936
559 558 -0.0411433
558 559 -0.0411433
559 559 0.0821169
560 559 -0.0409736
559 560 -0.0409736
560 560 0.0817434
561 560 -0.0407698
560 561 -0.0407698
561 561 0.081437
562 561 -0.0406672
561 562 -0.0406672
562 562 0.0816389
563 562 -0.0409718
562 563 -0.0409718
563 563 0.0823642
564 563 -0.0413924
563 564 -0.0413924
564 564 0.0828145
565 564 -0.0414221
564 565 -0.0414221
565 565 0.0826784
566 565 -0.0412563
565 566 -0.0412563
566 566 0.0822849
567 566 -0.0410286
566 567 -0.0410286
567 567 0.0818165
568 567 -0.0407879
567 568 -0.0407879
568 568 0.0815799
569 568 -0.040792
568 569 -0.040792
569 569 0.0819117
570 569 -0.0411197
569 570 -0.0411197
570 570 0.0825447
571 570 -0.041425
570 571 -0.041425
571 571 0.0827996
572 571 -0.0413746
571 572 -0.0413746
572 572 0.0825617
573 572 -0.0411871
572 573 -0.0411871
573 573 0.0821798
574 573 -0.0409927
573 574 -0.0409927
574 574 0.0817771
575 574 -0.0407845
574 575 -0.0407845
575 575 0.081613
576 575 -0.0408285
575 576 -0.0408285
576 576 0.0820227
577 576 -0.0411942
576 577 -0.0411942
577 577 0.0826019
578 577 -0.0414077
577 578 -0.0414077
578 578 0.0827197
579 578 -0.041312
578 579 -0.041312
579 579 0.0824348
580 579 -0.0411227
579 580 -0.0411227
580 580 0.0820089
581 580 -0.0408861
580 581 -0.0408861
581 581 0.0815681
582 581 -0.040682
581 582 -0.040682
582 582 0.0815307
583 582 -0.0408486
582 583 -0.0408486
583 583 0.0821286
584 583 -0.04128
583 584 -0.04128
584 584 0.0826332
585 584 -0.0413532
584 585 -0.0413532
585 585 0.0825049
586 585 -0.0411517
585 586 -0.0411517
586 586 0.0820883
587 586 -0.0409366
586 587 -0.0409366
587 587 0.0816365
588 587 -0.0406999
587 588 -0.0406999
588 588 0.0813649
589 588 -0.0406651
588 589 -0.0406651
589 589 0.0816121
590 589 -0.040947
589 590 -0.040947
590 590 0.0821199
591 590 -0.0411729
590 591 -0.0411729
591 591 0.0822857
592 591 -0.0411128
591 592 -0.0411128
592 592 0.0820257
593 592 -0.040913
592 593 -0.040913
593 593 0.081603
594 593 -0.04069
593 594 -0.04069
594 594 0.0811821
595 594 -0.0404921
594 595 -0.0404921
595 595 0.0810928
596 595 -0.0406007
595 596 -0.0406007
596 596 0.0815825
597 596 -0.0409818
596 597 -0.0409818
597 597 0.08206
598 597 -0.0410782
597 598 -0.0410782
598 598 0.0819378
599 598 -0.0408596
598 599 -0.0408596
599 599 0.0814863
600 599 -0.0406267
599 600 -0.0406267
600 600 0.0810465
601 600 -0.0404198
600 601 -0.0404198
601 601 0.0808243
602 601 -0.0404045
601 602 -0.0404045
602 602 0.081087
603 602 -0.0406825
602 603 -0.0406825
603 603 0.0815281
604 603 -0.0408456
603 604 -0.0408456
604 604 0.0815352
605 604 -0.0406896
604 605 -0.0406896
605 605 0.0811696
606 605 -0.0404801
605 606 -0.0404801
606 606 0.0807452
607 606 -0.0402652
606 607 -0.0402652
607 607 0.0804532
608 607 -0.0401881
607 608 -0.0401881
608 608 0.0805816
609 608 -0.0403935
608 609 -0.0403935
609 609 0.080987
610 609 -0.0405935
609 610 -0.0405935
610 610 0.0811317
611 610 -0.0405383
610 611 -0.0405383
611 611 0.0808663
612 611 -0.040328
611 612 -0.040328
612 612 0.0804254
613 612 -0.0400974
612 613 -0.0400974
613 613 0.0800636
614 613 -0.0399661
613 614 -0.0399661
614 614 0.080066
615 614 -0.0400998
614 615 -0.0400998
615 615 0.0803975
616 615 -0.0402977
615 616 -0.0402977
616 616 0.0805927
617 616 -0.040295
616 617 -0.040295
617 617 0.0804103
618 617 -0.0401154
617 618 -0.0401154
618 618 0.0800076
619 618 -0.0398922
618 619 -0.0398922
619 619 0.079578
620 619 -0.0396858
619 620 -0.0396858
620 620 0.0794663
621 620 -0.0397805
620 621 -0.0397805
621 621 0.0798599
622 621 -0.0400794
621 622 -0.0400794
622 622 0.0801339
623 622 -0.0400545
622 623 -0.0400545
623 623 0.0798761
624 623 -0.0398216
623 624 -0.0398216
624 624 0.0794416
625 624 -0.0396201
624 625 -0.0396201
625 625 0.0790493
626 625 -0.0394292
625 626 -0.0394292
626 626 0.078922
627 626 -0.0394927
626 627 -0.0394927
627 627 0.0792504
628 627 -0.0397576
627 628 -0.0397576
628 628 0.0795103
629 628 -0.0397527
628 629 -0.0397527
629 629 0.0792747
630 629 -0.039522
629 630 -0.039522
630 630 0.0788293
631 630 -0.0393073
630 631 -0.0393073
631 631 0.0784738
632 631 -0.0391665
631 632 -0.0391665
632 632 0.078401
633 632 -0.0392345
632 633 -0.0392345
633 633 0.0786433
634 633 -0.0394088
633 634 -0.0394088
634 634 0.0788032
635 634 -0.0393944
634 635 -0.0393944
635 635 0.0785735
636 635 -0.0391791
635 636 -0.0391791
636 636 0.0781298
637 636 -0.0389507
636 637 -0.0389507
637 637 0.0777975
638 637 -0.0388468
637 638 -0.0388468
638 638 0.077791
639 638 -0.0389442
638 639 -0.0389442
639 639 0.0780353
640 639 -0.0390911
639 640 -0.0390911
640 640 0.0781011
641 640 -0.03901
640 641 -0.03901
641 641 0.0778207
642 641 -0.0388107
641 642 -0.0388107
642 642 0.07743
643 642 -0.0386192
642 643 -0.0386192
643 643 0.0771506
644 643 -0.0385314
643 644 -0.0385314
644 644 0.0771789
645 644 -0.0386475
644 645 -0.0386475
645 645 0.0773716
646 645 -0.0387241
645 646 -0.0387241
646 646 0.0773163
647 646 -0.0385922
646 647 -0.0385922
647 647 0.0769749
648 647 -0.0383827
647 648 -0.0383827
648 648 0.076579
649 648 -0.0381963
648 649 -0.0381963
649 649 0.0763707
650 649 -0.0381745
649 650 -0.0381745
650 650 0.0765407
651 650 -0.0383662
650 651 -0.0383662
651 651 0.0767226
652 651 -0.0383564
651 652 -0.0383564
652 652 0.0764951
653 652 -0.0381387
652 653 -0.0381387
653 653 0.0760789
654 653 -0.0379402
653 654 -0.0379402
654 654 0.0757504
655 654 -0.0378102
654 655 -0.0378102
655 655 0.0756945
656 655 -0.0378843
655 656 -0.0378843
656 656 0.0758571
657 656 -0.0379729
656 657 -0.0379729
657 657 0.0758441
658 657 -0.0378712
657 658 -0.0378712
658 658 0.0755726
659 658 -0.0377014
658 659 -0.0377014
659 659 0.0751812
660 659 -0.0374798
659 660 -0.0374798
660 660 0.07488
661 660 -0.0374002
660 661 -0.0374002
661 661 0.0749616
662 661 -0.0375614
661 662 -0.0375614
662 662 0.0751251
663 662 -0.0375637
662 663 -0.0375637
663 663 0.0749471
664 663 -0.0373834
663 664 -0.0373834
664 664 0.0745741
665 664 -0.0371907
664 665 -0.0371907
665 665 0.0742495
666 665 -0.0370588
665 666 -0.0370588
666 666 0.0741488
667 666 -0.0370899
666 667 -0.0370899
667 667 0.074255
668 667 -0.037165
667 668 -0.037165
668 668 0.0742257
669 668 -0.0370606
668 669 -0.0370606
669 669 0.0739052
670 669 -0.0368446
669 670 -0.0368446
670 670 0.0735041
671 670 -0.0366595
670 671 -0.0366595
671 671 0.0733098
672 671 -0.0366503
671 672 -0.0366503
672 672 0.0734303
673 672 -0.03678
672 673 -0.03678
673 673 0.0735136
674 673 -0.0367336
673 674 -0.0367336
674 674 0.0732595
675 674 -0.0365259
674 675 -0.0365259
675 675 0.0728305
676 675 -0.0363047
675 676 -0.0363047
676 676 0.0725487
677 676 -0.0362441
676 677 -0.0362441
677 677 0.0725981
678 677 -0.036354
677 678 -0.036354
678 678 0.0727109
679 678 -0.036357
678 679 -0.036357
679 679 0.0725511
680 679 -0.0361941
679 680 -0.0361941
680 680 0.0721504
681 680 -0.0359563
680 681 -0.0359563
681 681 0.0717906
682 681 -0.0358342
681 682 -0.0358342
682 682 0.0717534
683 682 -0.0359192
682 683 -0.0359192
683 683 0.0718695
684 683 -0.0359503
683 684 -0.0359503
684 684 0.0717653
685 684 -0.035815
684 685 -0.035815
685 685 0.0714298
686 685 -0.0356148
685 686 -0.0356148
686 686 0.0710951
687 686 -0.0354803
686 687 -0.0354803
687 687 0.0709858
688 687 -0.0355055
687 688 -0.0355055
688 688 0.0710484
689 688 -0.0355429
688 689 -0.0355429
689 689 0.0709816
690 689 -0.0354387
689 690 -0.0354387
690 690 0.0706916
691 690 -0.0352528
690 691 -0.0352528
691 691 0.0703591
692 691 -0.0351063
691 692 -0.0351063
692 692 0.0702104
693 692 -0.0351041
692 693 -0.0351041
693 693 0.0702734
694 693 -0.0351694
693 694 -0.0351694
694 694 0.0702385
695 694 -0.0350692
694 695 -0.0350692
695 695 0.0699327
696 695 -0.0348636
695 696 -0.0348636
696 696 0.0695855
697 696 -0.0347219
696 697 -0.0347219
697 697 0.0694441
698 697 -0.0347222
697 698 -0.0347222
698 698 0.0695075
699 698 -0.0347853
698 699 -0.0347853
699 699 0.0694919
700 699 -0.0347066
699 700 -0.0347066
700 700 0.0692131
701 700 -0.0345065
700 701 -0.0345065
701 701 0.0688301
702 701 -0.0343236
701 702 -0.0343236
702 702 0.0686501
703 702 -0.0343266
702 703 -0.0343266
703 703 0.0687388
704 703 -0.0344122
703 704 -0.0344122
704 704 0.0687244
705 704 -0.0343122
704 705 -0.0343122
705 705 0.0684054
706 705 -0.0340932
705 706 -0.0340932
706 706 0.0680537
707 706 -0.0339606
706 707 -0.0339606
707 707 0.067947
708 707 -0.0339864
707 708 -0.0339864
708 708 0.0679987
709 708 -0.0340123
708 709 -0.0340123
709 709 0.0679042
710 709 -0.0338919
709 710 -0.0338919
710 710 0.0675911
711 710 -0.0336992
710 711 -0.0336992
711 711 0.0672904
712 711 -0.0335912
711 712 -0.0335912
712 712 0.0672101
713 712 -0.0336189
712 713 -0.0336189
713 713 0.0672336
714 713 -0.0336147
713 714 -0.0336147
714 714 0.0670934
715 714 -0.0334787
714 715 -0.0334787
715 715 0.0667583
716 715 -0.0332796
715 716 -0.0332796
716 716 0.0664748
717 716 -0.0331952
716 717 -0.0331952
717 717 0.0664514
718 717 -0.0332562
717 718 -0.0332562
718 718 0.0664713
719 718 -0.0332151
718 719 -0.0332151
719 719 0.0662629
720 719 -0.0330478
719 720 -0.0330478
720 720 0.0659024
721 720 -0.0328546
720 721 -0.0328546
721 721 0.0656629
722 721 -0.0328083
721 722 -0.0328083
722 722 0.06569
723 722 -0.0328817
722 723 -0.0328817
723 723 0.0656675
724 723 -0.0327858
723 724 -0.0327858
724 724 0.0653708
725 724 -0.032585
724 725 -0.032585
725 725 0.0650461
726 725 -0.0324611
725 726 -0.0324611
726 726 0.0649167
727 726 -0.0324556
726 727 -0.0324556
727 727 0.0649101
728 727 -0.0324545
727 728 -0.0324545
728 728 0.0647895
729 728 -0.032335
728 729 -0.032335
729 729 0.0644782
730 729 -0.0321433
729 730 -0.0321433
730 730 0.0641893
