0 0 0.272312
1 0 -0.0906284
0 1 -0.0906284
1 1 0.180832
2 1 -0.0902034
1 2 -0.0902034
2 2 0.179984
3 2 -0.089781
2 3 -0.089781
3 3 0.179142
4 3 -0.0893609
3 4 -0.0893609
4 4 0.178303
5 4 -0.088942
4 5 -0.088942
5 5 0.177467
6 5 -0.0885247
5 6 -0.0885247
6 6 0.176635
7 6 -0.0881102
6 7 -0.0881102
7 7 0.175808
8 7 -0.0876973
7 8 -0.0876973
8 8 0.174985
9 8 -0.0872873
8 9 -0.0872873
9 9 0.174165
10 9 -0.0868778
9 10 -0.0868778
10 10 0.173348
11 10 -0.08647
10 11 -0.08647
11 11 0.172536
12 11 -0.086066
11 12 -0.086066
12 12 0.171729
13 12 -0.0856626
12 13 -0.0856626
13 13 0.170924
14 13 -0.0852609
13 14 -0.0852609
14 14 0.170123
15 14 -0.084862
14 15 -0.084862
15 15 0.169327
16 15 -0.0844647
15 16 -0.0844647
16 16 0.168533
17 16 -0.0840681
16 17 -0.0840681
17 17 0.167742
18 17 -0.0836742
17 18 -0.0836742
18 18 0.166956
19 18 -0.083282
18 19 -0.083282
19 19 0.166174
20 19 -0.0828925
19 20 -0.0828925
20 20 0.165397
21 20 -0.0825046
20 21 -0.0825046
21 21 0.164622
22 21 -0.0821175
21 22 -0.0821175
22 22 0.16385
23 22 -0.0817321
22 23 -0.0817321
23 23 0.163081
24 23 -0.0813484
23 24 -0.0813484
24 24 0.162315
25 24 -0.0809665
24 25 -0.0809665
25 25 0.161556
26 25 -0.08059
25 26 -0.08059
26 26 0.160801
27 26 -0.0802114
26 27 -0.0802114
27 27 0.160048
28 27 -0.0798365
27 28 -0.0798365
28 28 0.159301
29 28 -0.079465
28 29 -0.079465
29 29 0.158553
30 29 -0.079088
29 30 -0.079088
30 30 0.157811
31 30 -0.0787234
30 31 -0.0787234
31 31 0.157077
32 31 -0.0783534
31 32 -0.0783534
32 32 0.156332
33 32 -0.0779782
32 33 -0.0779782
33 33 0.155593
34 33 -0.0776151
33 34 -0.0776151
34 34 0.154871
35 34 -0.0772554
34 35 -0.0772554
35 35 0.154155
36 35 -0.0768991
35 36 -0.0768991
36 36 0.153437
37 36 -0.0765376
36 37 -0.0765376
37 37 0.152709
38 37 -0.0761713
37 38 -0.0761713
38 38 0.151988
39 38 -0.0758166
38 39 -0.0758166
39 39 0.151282
40 39 -0.0754653
39 40 -0.0754653
40 40 0.150575
41 40 -0.0751093
40 41 -0.0751093
41 41 0.149866
42 41 -0.0747566
41 42 -0.0747566
42 42 0.149164
43 42 -0.0744072
42 43 -0.0744072
43 43 0.148468
44 43 -0.074061
43 44 -0.074061
44 44 0.147771
45 44 -0.0737103
44 45 -0.0737103
45 45 0.147073
46 45 -0.073363
45 46 -0.073363
46 46 0.146389
47 46 -0.0730264
46 47 -0.0730264
47 47 0.145712
48 47 -0.0726855
47 48 -0.0726855
48 48 0.145026
49 48 -0.0723402
48 49 -0.0723402
49 49 0.144338
50 49 -0.0719982
49 50 -0.0719982
50 50 0.143665
51 50 -0.0716667
50 51 -0.0716667
51 51 0.142998
52 51 -0.071331
51 52 -0.071331
52 52 0.14233
53 52 -0.0709985
52 53 -0.0709985
53 53 0.141668
54 53 -0.070669
53 54 -0.070669
54 54 0.140998
55 54 -0.0703285
54 55 -0.0703285
55 55 0.140327
56 55 -0.0699982
55 56 -0.0699982
56 56 0.139676
57 56 -0.069678
56 57 -0.069678
57 57 0.139032
58 57 -0.0693538
57 58 -0.0693538
58 58 0.13838
59 58 -0.0690258
58 59 -0.0690258
59 59 0.137727
60 59 -0.0687011
59 60 -0.0687011
60 60 0.137081
61 60 -0.0683795
60 61 -0.0683795
61 61 0.13644
62 61 -0.0680609
61 62 -0.0680609
62 62 0.135806
63 62 -0.0677453
62 63 -0.0677453
63 63 0.135172
64 63 -0.0674262
63 64 -0.0674262
64 64 0.134536
65 64 -0.06711
64 65 -0.06711
65 65 0.133907
66 65 -0.0667968
65 66 -0.0667968
66 66 0.133283
67 66 -0.0664865
66 67 -0.0664865
67 67 0.132659
68 67 -0.0661728
67 68 -0.0661728
68 68 0.132035
69 68 -0.0658621
68 69 -0.0658621
69 69 0.131416
70 69 -0.0655543
69 70 -0.0655543
70 70 0.130804
71 70 -0.0652494
70 71 -0.0652494
71 71 0.130197
72 71 -0.0649473
71 72 -0.0649473
72 72 0.129583
73 72 -0.064636
72 73 -0.064636
73 73 0.128976
74 73 -0.0643396
73 74 -0.0643396
74 74 0.12838
75 74 -0.06404
74 75 -0.06404
75 75 0.127777
76 75 -0.0637374
75 76 -0.0637374
76 76 0.127175
77 76 -0.0634376
76 77 -0.0634376
77 77 0.126578
78 77 -0.0631407
77 78 -0.0631407
78 78 0.125987
79 78 -0.0628465
78 79 -0.0628465
79 79 0.125402
80 79 -0.0625551
79 80 -0.0625551
80 80 0.124816
81 80 -0.0622608
80 81 -0.0622608
81 81 0.12423
82 81 -0.0619693
81 82 -0.0619693
82 82 0.12365
83 82 -0.0616808
82 83 -0.0616808
83 83 0.123071
84 83 -0.0613899
83 84 -0.0613899
84 84 0.122497
85 84 -0.061107
84 85 -0.061107
85 85 0.121929
86 85 -0.0608215
85 86 -0.0608215
86 86 0.12136
87 86 -0.0605387
86 87 -0.0605387
87 87 0.120792
88 87 -0.0602533
87 88 -0.0602533
88 88 0.120224
89 88 -0.0599706
88 89 -0.0599706
89 89 0.119666
90 89 -0.0596957
89 90 -0.0596957
90 90 0.119114
91 90 -0.0594182
90 91 -0.0594182
91 91 0.118557
92 91 -0.0591384
91 92 -0.0591384
92 92 0.117999
93 92 -0.0588611
92 93 -0.0588611
93 93 0.117448
94 93 -0.0585865
93 94 -0.0585865
94 94 0.116896
95 94 -0.0583096
94 95 -0.0583096
95 95 0.11635
96 95 -0.0580401
95 96 -0.0580401
96 96 0.115813
97 96 -0.0577731
96 97 -0.0577731
97 97 0.115272
98 97 -0.0574991
97 98 -0.0574991
98 98 0.114732
99 98 -0.0572324
98 99 -0.0572324
99 99 0.114201
100 99 -0.0569682
99 100 -0.0569682
100 100 0.11367
101 100 -0.0567018
100 101 -0.0567018
101 101 0.113135
102 101 -0.0564334
101 102 -0.0564334
102 102 0.112605
103 102 -0.056172
102 103 -0.056172
103 103 0.112081
104 103 -0.0559086
103 104 -0.0559086
104 104 0.111556
105 104 -0.0556477
104 105 -0.0556477
105 105 0.111041
106 105 -0.0553936
105 106 -0.0553936
106 106 0.110522
107 106 -0.0551288
106 107 -0.0551288
107 107 0.11
108 107 -0.0548711
107 108 -0.0548711
108 108 0.109492
109 108 -0.0546205
108 109 -0.0546205
109 109 0.108985
110 109 -0.054364
109 110 -0.054364
110 110 0.108478
111 110 -0.0541142
110 111 -0.0541142
111 111 0.107977
112 111 -0.0538625
111 112 -0.0538625
112 112 0.107472
113 112 -0.0536091
112 113 -0.0536091
113 113 0.106971
114 113 -0.0533621
113 114 -0.0533621
114 114 0.106476
115 114 -0.0531134
114 115 -0.0531134
115 115 0.105981
116 115 -0.0528671
115 116 -0.0528671
116 116 0.10549
117 116 -0.052623
116 117 -0.052623
117 117 0.105
118 117 -0.0523773
117 118 -0.0523773
118 118 0.104511
119 118 -0.0521339
118 119 -0.0521339
119 119 0.104027
120 119 -0.0518928
119 120 -0.0518928
120 120 0.103543
121 120 -0.0516502
120 121 -0.0516502
121 121 0.10306
122 121 -0.0514098
121 122 -0.0514098
122 122 0.102582
123 122 -0.0511717
122 123 -0.0511717
123 123 0.102104
124 123 -0.0509321
123 124 -0.0509321
124 124 0.101627
125 124 -0.0506948
124 125 -0.0506948
125 125 0.101158
126 125 -0.0504633
125 126 -0.0504633
126 126 0.100694
127 126 -0.0502304
126 127 -0.0502304
127 127 0.100223
128 127 -0.0499925
127 128 -0.0499925
128 128 0.0997529
129 128 -0.0497604
128 129 -0.0497604
129 129 0.0992944
130 129 -0.049534
129 130 -0.049534
130 130 0.0988367
131 130 -0.0493027
130 131 -0.0493027
131 131 0.0983729
132 131 -0.0490702
131 132 -0.0490702
132 132 0.0979134
133 132 -0.0488433
132 133 -0.0488433
133 133 0.0974618
134 133 -0.0486185
133 134 -0.0486185
134 134 0.0970117
135 134 -0.0483932
134 135 -0.0483932
135 135 0.0965639
136 135 -0.0481707
135 136 -0.0481707
136 136 0.0961178
137 136 -0.0479471
136 137 -0.0479471
137 137 0.0956727
138 137 -0.0477256
137 138 -0.0477256
138 138 0.0952318
139 138 -0.0475062
138 139 -0.0475062
139 139 0.0947951
140 139 -0.0472889
139 140 -0.0472889
140 140 0.0943592
141 140 -0.0470704
140 141 -0.0470704
141 141 0.0939212
142 141 -0.0468508
141 142 -0.0468508
142 142 0.0934873
143 142 -0.0466365
142 143 -0.0466365
143 143 0.0930576
144 143 -0.0464211
143 144 -0.0464211
144 144 0.0926288
145 144 -0.0462077
144 145 -0.0462077
145 145 0.092204
146 145 -0.0459963
145 146 -0.0459963
146 146 0.0917802
147 146 -0.0457839
146 147 -0.0457839
147 147 0.0913544
148 147 -0.0455705
147 148 -0.0455705
148 148 0.0909327
149 148 -0.0453621
148 149 -0.0453621
149 149 0.0905178
150 149 -0.0451557
149 150 -0.0451557
150 150 0.0901011
151 150 -0.0449454
150 151 -0.0449454
151 151 0.0896825
152 151 -0.0447371
151 152 -0.0447371
152 152 0.0892679
153 152 -0.0445308
152 153 -0.0445308
153 153 0.0888573
154 153 -0.0443265
153 154 -0.0443265
154 154 0.0884505
155 154 -0.044124
154 155 -0.044124
155 155 0.0880447
156 155 -0.0439207
155 156 -0.0439207
156 156 0.0876399
157 156 -0.0437193
156 157 -0.0437193
157 157 0.0872363
158 157 -0.0435171
157 158 -0.0435171
158 158 0.0868339
159 158 -0.0433168
158 159 -0.0433168
159 159 0.0864353
160 159 -0.0431184
159 160 -0.0431184
160 160 0.0860351
161 160 -0.0429167
160 161 -0.0429167
161 161 0.0856372
162 161 -0.0427205
161 162 -0.0427205
162 162 0.0852503
163 162 -0.0425298
162 163 -0.0425298
163 163 0.0848657
164 163 -0.0423359
163 164 -0.0423359
164 164 0.0844772
165 164 -0.0421413
164 165 -0.0421413
165 165 0.0840923
166 165 -0.041951
165 166 -0.041951
166 166 0.0837111
167 166 -0.04176
166 167 -0.04176
167 167 0.0833285
168 167 -0.0415684
167 168 -0.0415684
168 168 0.0829593
169 168 -0.0413909
168 169 -0.0413909
169 169 0.0825962
170 169 -0.0412053
169 170 -0.0412053
170 170 0.0821907
171 170 -0.0409854
170 171 -0.0409854
171 171 0.0817866
172 171 -0.0408011
171 172 -0.0408011
172 172 0.0814431
173 172 -0.040642
172 173 -0.040642
173 173 0.0811031
174 173 -0.0404611
173 174 -0.0404611
174 174 0.0807198
175 174 -0.0402587
174 175 -0.0402587
175 175 0.0803399
176 175 -0.0400812
175 176 -0.0400812
176 176 0.0799866
177 176 -0.0399053
176 177 -0.0399053
177 177 0.079614
178 177 -0.0397087
177 178 -0.0397087
178 178 0.0792449
179 178 -0.0395362
178 179 -0.0395362
179 179 0.0789016
180 179 -0.0393654
179 180 -0.0393654
180 180 0.0785614
181 180 -0.0391961
180 181 -0.0391961
181 181 0.0782028
182 181 -0.0390067
181 182 -0.0390067
182 182 0.0778258
183 182 -0.0388191
182 183 -0.0388191
183 183 0.0774738
184 183 -0.0386547
183 184 -0.0386547
184 184 0.0771254
185 184 -0.0384707
184 185 -0.0384707
185 185 0.0767592
186 185 -0.0382885
185 186 -0.0382885
186 186 0.0764173
187 186 -0.0381288
186 187 -0.0381288
187 187 0.0760997
188 187 -0.0379709
187 188 -0.0379709
188 188 0.0757662
189 188 -0.0377953
188 189 -0.0377953
189 189 0.0753982
190 189 -0.0376029
189 190 -0.0376029
190 190 0.0750553
191 190 -0.0374524
190 191 -0.0374524
191 191 0.0747358
192 191 -0.0372834
191 192 -0.0372834
192 192 0.0743992
193 192 -0.0371159
192 193 -0.0371159
193 193 0.0740658
194 193 -0.03695
193 194 -0.03695
194 194 0.0737357
195 194 -0.0367857
194 195 -0.0367857
195 195 0.0734088
196 195 -0.0366231
195 196 -0.0366231
196 196 0.0730851
197 196 -0.036462
196 197 -0.036462
197 197 0.0727644
198 197 -0.0363024
197 198 -0.0363024
198 198 0.0724282
199 198 -0.0361258
198 199 -0.0361258
199 199 0.0721135
200 199 -0.0359877
199 200 -0.0359877
200 200 0.0718202
201 200 -0.0358325
200 201 -0.0358325
201 201 0.0714933
202 201 -0.0356608
201 202 -0.0356608
202 202 0.0711518
203 202 -0.0354909
202 203 -0.0354909
203 203 0.0708313
204 203 -0.0353404
203 204 -0.0353404
204 204 0.0705318
205 204 -0.0351913
204 205 -0.0351913
205 205 0.0702176
206 205 -0.0350263
205 206 -0.0350263
206 206 0.0699062
207 206 -0.0348799
206 207 -0.0348799
207 207 0.0695977
208 207 -0.0347178
207 208 -0.0347178
208 208 0.0692754
209 208 -0.0345576
208 209 -0.0345576
209 209 0.0689732
210 209 -0.0344156
209 210 -0.0344156
210 210 0.0686738
211 210 -0.0342582
210 211 -0.0342582
211 211 0.0683772
212 211 -0.0341189
211 212 -0.0341189
212 212 0.0680835
213 212 -0.0339646
212 213 -0.0339646
213 213 0.0677601
214 213 -0.0337955
213 214 -0.0337955
214 214 0.067457
215 214 -0.0336614
214 215 -0.0336614
215 215 0.067193
216 215 -0.0335316
215 216 -0.0335316
216 216 0.066904
217 216 -0.0333724
216 217 -0.0333724
217 217 0.0666019
218 217 -0.0332294
217 218 -0.0332294
218 218 0.0663172
219 218 -0.0330878
218 219 -0.0330878
219 219 0.06602
220 219 -0.0329322
219 220 -0.0329322
220 220 0.0657405
221 220 -0.0328083
220 221 -0.0328083
221 221 0.0654787
222 221 -0.0326705
221 222 -0.0326705
222 222 0.0651898
223 222 -0.0325194
222 223 -0.0325194
223 223 0.0649037
224 223 -0.0323843
223 224 -0.0323843
224 224 0.0646202
225 224 -0.0322359
224 225 -0.0322359
225 225 0.0643396
226 225 -0.0321037
225 226 -0.0321037
226 226 0.0640764
227 226 -0.0319727
226 227 -0.0319727
227 227 0.0638013
228 227 -0.0318286
227 228 -0.0318286
228 228 0.0635146
229 228 -0.031686
228 229 -0.031686
229 229 0.063245
230 229 -0.031559
229 230 -0.031559
230 230 0.0629919
231 230 -0.0314329
230 231 -0.0314329
231 231 0.0627134
232 231 -0.0312805
231 232 -0.0312805
232 232 0.0624241
233 232 -0.0311436
232 233 -0.0311436
233 233 0.062165
234 233 -0.0310214
233 234 -0.0310214
234 234 0.0619215
235 234 -0.0309001
234 235 -0.0309001
235 235 0.0616671
236 235 -0.0307669
235 236 -0.0307669
236 236 0.061389
237 236 -0.030622
236 237 -0.030622
237 237 0.0611136
238 237 -0.0304916
237 238 -0.0304916
238 238 0.0608538
239 238 -0.0303623
238 239 -0.0303623
239 239 0.0605965
240 239 -0.0302342
239 240 -0.0302342
240 240 0.0603442
241 240 -0.03011
240 241 -0.03011
241 241 0.0601019
242 241 -0.0299919
241 242 -0.0299919
242 242 0.059855
243 242 -0.0298631
242 243 -0.0298631
243 243 0.0596086
244 243 -0.0297455
243 244 -0.0297455
244 244 0.0593739
245 244 -0.0296284
244 245 -0.0296284
245 245 0.0591285
246 245 -0.0295001
245 246 -0.0295001
246 246 0.0588853
247 246 -0.0293852
246 247 -0.0293852
247 247 0.058645
248 247 -0.0292598
247 248 -0.0292598
248 248 0.0584069
249 248 -0.0291471
248 249 -0.0291471
249 249 0.0581709
250 249 -0.0290238
249 250 -0.0290238
250 250 0.0579259
251 250 -0.0289021
250 251 -0.0289021
251 251 0.057695
252 251 -0.028793
251 252 -0.028793
252 252 0.0574665
253 252 -0.0286735
252 253 -0.0286735
253 253 0.0572176
254 253 -0.0285441
253 254 -0.0285441
254 254 0.0569709
255 254 -0.0284268
254 255 -0.0284268
255 255 0.0567488
256 255 -0.028322
255 256 -0.028322
256 256 0.0565294
257 256 -0.0282074
256 257 -0.0282074
257 257 0.0563012
258 257 -0.0280939
257 258 -0.0280939
258 258 0.0560753
259 258 -0.0279815
258 259 -0.0279815
259 259 0.0558516
260 259 -0.0278701
259 260 -0.0278701
260 260 0.0556194
261 260 -0.0277493
260 261 -0.0277493
261 261 0.055379
262 261 -0.0276297
261 262 -0.0276297
262 262 0.0551514
263 262 -0.0275217
262 263 -0.0275217
263 263 0.0549364
264 263 -0.0274147
263 264 -0.0274147
264 264 0.0547238
265 264 -0.0273091
264 265 -0.0273091
265 265 0.0545066
266 265 -0.0271975
265 266 -0.0271975
266 266 0.054292
267 266 -0.0270945
266 267 -0.0270945
267 267 0.0540997
268 267 -0.0270052
267 268 -0.0270052
268 268 0.0539076
269 268 -0.0269024
268 269 -0.0269024
269 269 0.0536999
270 269 -0.0267975
269 270 -0.0267975
270 270 0.0534909
271 270 -0.0266934
270 271 -0.0266934
271 271 0.0532839
272 271 -0.0265904
271 272 -0.0265904
272 272 0.0530883
273 272 -0.0264979
272 273 -0.0264979
273 273 0.0528949
274 273 -0.026397
273 274 -0.026397
274 274 0.052685
275 274 -0.026288
274 275 -0.026288
275 275 0.0524774
276 275 -0.0261894
275 276 -0.0261894
276 276 0.052281
277 276 -0.0260916
276 277 -0.0260916
277 277 0.0520771
278 277 -0.0259855
277 278 -0.0259855
278 278 0.0518755
279 278 -0.02589
278 279 -0.02589
279 279 0.0516854
280 279 -0.0257954
279 280 -0.0257954
280 280 0.0514882
281 280 -0.0256927
280 281 -0.0256927
281 281 0.0512841
282 281 -0.0255913
281 282 -0.0255913
282 282 0.0510909
283 282 -0.0254996
282 283 -0.0254996
283 283 0.0509083
284 283 -0.0254087
283 284 -0.0254087
284 284 0.0507191
285 284 -0.0253104
284 285 -0.0253104
285 285 0.0505233
286 285 -0.025213
285 286 -0.025213
286 286 0.0503296
287 286 -0.0251166
286 287 -0.0251166
287 287 0.0501376
288 287 -0.025021
287 288 -0.025021
288 288 0.0499475
289 288 -0.0249265
288 289 -0.0249265
289 289 0.0497607
290 289 -0.0248343
289 290 -0.0248343
290 290 0.0495892
291 290 -0.024755
290 291 -0.024755
291 291 0.0494444
292 291 -0.0246894
291 292 -0.0246894
292 292 0.049297
293 292 -0.0246076
292 293 -0.0246076
293 293 0.0491312
294 293 -0.0245236
293 294 -0.0245236
294 294 0.048964
295 294 -0.0244404
294 295 -0.0244404
295 295 0.0487909
296 295 -0.0243505
295 296 -0.0243505
296 296 0.0486198
297 296 -0.0242693
296 297 -0.0242693
297 297 0.0484504
298 297 -0.0241811
297 298 -0.0241811
298 298 0.048275
299 298 -0.0240939
298 299 -0.0240939
299 299 0.0481093
300 299 -0.0240154
299 300 -0.0240154
300 300 0.0479455
301 300 -0.0239301
300 301 -0.0239301
301 301 0.0477759
302 301 -0.0238458
301 302 -0.0238458
302 302 0.0476083
303 302 -0.0237625
302 303 -0.0237625
303 303 0.0474422
304 303 -0.0236798
303 304 -0.0236798
304 304 0.047278
305 304 -0.0235982
304 305 -0.0235982
305 305 0.0471158
306 305 -0.0235176
305 306 -0.0235176
306 306 0.0469553
307 306 -0.0234377
306 307 -0.0234377
307 307 0.0467894
308 307 -0.0233517
307 308 -0.0233517
308 308 0.0466253
309 308 -0.0232736
308 309 -0.0232736
309 309 0.0464699
310 309 -0.0231963
309 310 -0.0231963
310 310 0.0463093
311 310 -0.0231129
310 311 -0.0231129
311 311 0.0461434
312 311 -0.0230305
311 312 -0.0230305
312 312 0.0459864
313 312 -0.022956
312 313 -0.022956
313 313 0.0458418
314 313 -0.0228858
313 314 -0.0228858
314 314 0.0457247
315 314 -0.0228389
314 315 -0.0228389
315 315 0.0456408
316 315 -0.0228019
315 316 -0.0228019
316 316 0.0455348
317 316 -0.0227329
316 317 -0.0227329
317 317 0.0453947
318 317 -0.0226618
317 318 -0.0226618
318 318 0.0452527
319 318 -0.0225909
318 319 -0.0225909
319 319 0.0451116
320 319 -0.0225206
319 320 -0.0225206
320 320 0.0449723
321 320 -0.0224516
320 321 -0.0224516
321 321 0.0448284
322 321 -0.0223768
321 322 -0.0223768
322 322 0.0446859
323 322 -0.0223091
322 323 -0.0223091
323 323 0.0445516
324 323 -0.0222425
323 324 -0.0222425
324 324 0.0444129
325 324 -0.0221704
324 325 -0.0221704
325 325 0.0442692
326 325 -0.0220988
325 326 -0.0220988
326 326 0.0441329
327 326 -0.0220341
326 327 -0.0220341
327 327 0.043998
328 327 -0.0219639
327 328 -0.0219639
328 328 0.043853
329 328 -0.0218891
328 329 -0.0218891
329 329 0.0437166
330 329 -0.0218275
329 330 -0.0218275
330 330 0.0435873
331 330 -0.0217598
330 331 -0.0217598
331 331 0.0434466
332 331 -0.0216868
331 332 -0.0216868
332 332 0.0433142
333 332 -0.0216274
332 333 -0.0216274
333 333 0.0431902
334 333 -0.0215628
333 334 -0.0215628
334 334 0.0430549
335 334 -0.0214922
334 335 -0.0214922
335 335 0.0429149
336 335 -0.0214228
335 336 -0.0214228
336 336 0.0428106
337 336 -0.0213879
336 337 -0.0213879
337 337 0.0427724
338 337 -0.0213845
337 338 -0.0213845
338 338 0.0427471
339 338 -0.0213626
338 339 -0.0213626
339 339 0.0426755
340 339 -0.0213128
339 340 -0.0213128
340 340 0.0425656
341 340 -0.0212528
340 341 -0.0212528
341 341 0.0424466
342 341 -0.0211938
341 342 -0.0211938
342 342 0.0423284
343 342 -0.0211347
342 343 -0.0211347
343 343 0.0422109
344 343 -0.0210763
343 344 -0.0210763
344 344 0.0420951
345 344 -0.0210188
344 345 -0.0210188
345 345 0.0419753
346 345 -0.0209565
345 346 -0.0209565
346 346 0.0418574
347 346 -0.0209009
346 347 -0.0209009
347 347 0.041747
348 347 -0.020846
347 348 -0.020846
348 348 0.0416322
349 348 -0.0207862
348 349 -0.0207862
349 349 0.0415134
350 349 -0.0207272
349 350 -0.0207272
350 350 0.0413961
351 350 -0.0206689
350 351 -0.0206689
351 351 0.0412851
352 351 -0.0206162
351 352 -0.0206162
352 352 0.0411755
353 352 -0.0205593
352 353 -0.0205593
353 353 0.0410625
354 353 -0.0205033
353 354 -0.0205033
354 354 0.040951
355 354 -0.0204477
354 355 -0.0204477
355 355 0.0408359
356 355 -0.0203881
355 356 -0.0203881
356 356 0.0407226
357 356 -0.0203345
356 357 -0.0203345
357 357 0.0406166
358 357 -0.0202822
357 358 -0.0202822
358 358 0.0405636
359 358 -0.0202814
358 359 -0.0202814
359 359 0.0406117
360 359 -0.0203303
359 360 -0.0203303
360 360 0.040661
361 360 -0.0203308
360 361 -0.0203308
361 361 0.0406151
362 361 -0.0202844
361 362 -0.0202844
362 362 0.0405184
363 362 -0.020234
362 363 -0.020234
363 363 0.0404181
364 363 -0.0201841
363 364 -0.0201841
364 364 0.040319
365 364 -0.0201349
364 365 -0.0201349
365 365 0.0402212
366 365 -0.0200863
365 366 -0.0200863
366 366 0.040125
367 366 -0.0200386
366 367 -0.0200386
367 367 0.0400259
368 367 -0.0199872
367 368 -0.0199872
368 368 0.0399276
369 368 -0.0199404
368 369 -0.0199404
369 369 0.0398346
370 369 -0.0198942
369 370 -0.0198942
370 370 0.0397387
371 370 -0.0198445
370 371 -0.0198445
371 371 0.0396399
372 371 -0.0197953
371 372 -0.0197953
372 372 0.0395424
373 372 -0.019747
372 373 -0.019747
373 373 0.0394507
374 373 -0.0197036
373 374 -0.0197036
374 374 0.0393603
375 374 -0.0196566
374 375 -0.0196566
375 375 0.0392672
376 375 -0.0196105
375 376 -0.0196105
376 376 0.0391749
377 376 -0.0195643
376 377 -0.0195643
377 377 0.0390789
378 377 -0.0195146
377 378 -0.0195146
378 378 0.0389878
379 378 -0.0194732
378 379 -0.0194732
379 379 0.0389792
380 379 -0.019506
379 380 -0.019506
380 380 0.0391152
381 380 -0.0196092
380 381 -0.0196092
381 381 0.0392502
382 381 -0.019641
381 382 -0.019641
382 382 0.0392389
383 382 -0.0195979
382 383 -0.0195979
383 383 0.0391568
384 383 -0.0195589
383 384 -0.0195589
384 384 0.0390755
385 384 -0.0195167
384 385 -0.0195167
385 385 0.0389882
386 385 -0.0194715
385 386 -0.0194715
386 386 0.0389018
387 386 -0.0194303
386 387 -0.0194303
387 387 0.0388203
388 387 -0.01939
387 388 -0.01939
388 388 0.0387409
389 388 -0.0193509
388 389 -0.0193509
389 389 0.038663
390 389 -0.0193121
389 390 -0.0193121
390 390 0.0385818
391 390 -0.0192697
390 391 -0.0192697
391 391 0.038498
392 391 -0.0192283
391 392 -0.0192283
392 392 0.0384151
393 392 -0.0191869
392 393 -0.0191869
393 393 0.0383323
394 393 -0.0191455
393 394 -0.0191455
394 394 0.0382508
395 394 -0.0191053
394 395 -0.0191053
395 395 0.0381722
396 395 -0.0190669
395 396 -0.0190669
396 396 0.038096
397 396 -0.0190291
396 397 -0.0190291
397 397 0.0380194
398 397 -0.0189904
397 398 -0.0189904
398 398 0.0379386
399 398 -0.0189483
398 399 -0.0189483
399 399 0.037944
400 399 -0.0189957
399 400 -0.0189957
400 400 0.0381521
401 400 -0.0191564
400 401 -0.0191564
401 401 0.0383979
402 401 -0.0192416
401 402 -0.0192416
402 402 0.0384603
403 402 -0.0192187
402 403 -0.0192187
403 403 0.0383999
404 403 -0.0191812
403 404 -0.0191812
404 404 0.0383262
405 404 -0.019145
404 405 -0.019145
405 405 0.038255
406 405 -0.01911
405 406 -0.01911
406 406 0.0381852
407 406 -0.0190752
406 407 -0.0190752
407 407 0.0381117
408 407 -0.0190365
407 408 -0.0190365
408 408 0.0380348
409 408 -0.0189984
408 409 -0.0189984
409 409 0.0379639
410 409 -0.0189655
409 410 -0.0189655
410 410 0.0378955
411 410 -0.01893
410 411 -0.01893
411 411 0.0378239
412 411 -0.0188939
411 412 -0.0188939
412 412 0.0377519
413 412 -0.018858
412 413 -0.018858
413 413 0.0376774
414 413 -0.0188194
413 414 -0.0188194
414 414 0.0376047
415 414 -0.0187853
414 415 -0.0187853
415 415 0.0375376
416 415 -0.0187523
415 416 -0.0187523
416 416 0.0374716
417 416 -0.0187193
416 417 -0.0187193
417 417 0.0374027
418 417 -0.0186833
417 418 -0.0186833
418 418 0.0373934
419 418 -0.01871
418 419 -0.01871
419 419 0.0375863
420 419 -0.0188763
419 420 -0.0188763
420 420 0.0379369
421 420 -0.0190606
420 421 -0.0190606
421 421 0.0381675
422 421 -0.0191068
421 422 -0.0191068
422 422 0.0381771
423 422 -0.0190703
422 423 -0.0190703
423 423 0.0381111
424 423 -0.0190408
423 424 -0.0190408
424 424 0.0380465
425 424 -0.0190057
424 425 -0.0190057
425 425 0.0379764
426 425 -0.0189707
425 426 -0.0189707
426 426 0.0379102
427 426 -0.0189396
426 427 -0.0189396
427 427 0.0378417
428 427 -0.0189021
427 428 -0.0189021
428 428 0.0377713
429 428 -0.0188691
428 429 -0.0188691
429 429 0.0377094
430 429 -0.0188402
429 430 -0.0188402
430 430 0.0376477
431 430 -0.0188075
430 431 -0.0188075
431 431 0.0375813
432 431 -0.0187738
431 432 -0.0187738
432 432 0.0375148
433 432 -0.018741
432 433 -0.018741
433 433 0.0374479
434 433 -0.0187069
433 434 -0.0187069
434 434 0.0373831
435 434 -0.0186762
434 435 -0.0186762
435 435 0.0373193
436 435 -0.0186431
435 436 -0.0186431
436 436 0.0372549
437 436 -0.0186118
436 437 -0.0186118
437 437 0.0373277
438 437 -0.0187159
437 438 -0.0187159
438 438 0.0377164
439 438 -0.0190005
438 439 -0.0190005
439 439 0.0381939
440 439 -0.0191934
439 440 -0.0191934
440 440 0.038393
441 440 -0.0191996
440 441 -0.0191996
441 441 0.0383676
442 441 -0.019168
441 442 -0.019168
442 442 0.0383026
443 442 -0.0191345
442 443 -0.0191345
443 443 0.0382334
444 443 -0.0190989
443 444 -0.0190989
444 444 0.0381683
445 444 -0.0190694
444 445 -0.0190694
445 445 0.0381069
446 445 -0.0190376
445 446 -0.0190376
446 446 0.0380406
447 446 -0.019003
446 447 -0.019003
447 447 0.0379751
448 447 -0.018972
447 448 -0.018972
448 448 0.037911
449 448 -0.0189389
448 449 -0.0189389
449 449 0.0378456
450 449 -0.0189067
449 450 -0.0189067
450 450 0.0377808
451 450 -0.0188741
450 451 -0.0188741
451 451 0.0377171
452 451 -0.018843
451 452 -0.018843
452 452 0.0376558
453 452 -0.0188128
452 453 -0.0188128
453 453 0.0375914
454 453 -0.0187786
453 454 -0.0187786
454 454 0.0375282
455 454 -0.0187495
454 455 -0.0187495
455 455 0.0376408
456 455 -0.0188913
455 456 -0.0188913
456 456 0.0381484
457 456 -0.0192571
456 457 -0.0192571
457 457 0.0387527
458 457 -0.0194956
457 458 -0.0194956
458 458 0.0390048
459 458 -0.0195092
458 459 -0.0195092
459 459 0.0389843
460 459 -0.0194751
459 460 -0.0194751
460 460 0.0389156
461 460 -0.0194405
460 461 -0.0194405
461 461 0.0388487
462 461 -0.0194082
461 462 -0.0194082
462 462 0.0387789
463 462 -0.0193706
462 463 -0.0193706
463 463 0.038708
464 463 -0.0193373
463 464 -0.0193373
464 464 0.0386453
465 464 -0.019308
464 465 -0.019308
465 465 0.0385812
466 465 -0.0192732
465 466 -0.0192732
466 466 0.0385129
467 466 -0.0192397
466 467 -0.0192397
467 467 0.0384455
468 467 -0.0192058
467 468 -0.0192058
468 468 0.0383771
469 468 -0.0191713
468 469 -0.0191713
469 469 0.0383123
470 469 -0.019141
469 470 -0.019141
470 470 0.0382489
471 470 -0.019108
470 471 -0.019108
471 471 0.0381803
472 471 -0.0190724
471 472 -0.0190724
472 472 0.0382339
473 472 -0.0191615
472 473 -0.0191615
473 473 0.0386791
474 473 -0.0195176
473 474 -0.0195176
474 474 0.0394196
475 474 -0.019902
474 475 -0.019902
475 475 0.0399159
476 475 -0.0200139
475 476 -0.0200139
476 476 0.0399885
477 476 -0.0199746
476 477 -0.0199746
477 477 0.039912
478 477 -0.0199373
477 478 -0.0199373
478 478 0.0398394
479 478 -0.0199021
478 479 -0.0199021
479 479 0.0397684
480 479 -0.0198664
479 480 -0.0198664
480 480 0.0396939
481 480 -0.0198275
480 481 -0.0198275
481 481 0.0396196
482 481 -0.019792
481 482 -0.019792
482 482 0.0395472
483 482 -0.0197551
482 483 -0.0197551
483 483 0.0394721
484 483 -0.0197169
483 484 -0.0197169
484 484 0.0393969
485 484 -0.0196799
484 485 -0.0196799
485 485 0.0393271
486 485 -0.0196472
485 486 -0.0196472
486 486 0.0392592
487 486 -0.0196121
486 487 -0.0196121
487 487 0.0391878
488 487 -0.0195757
487 488 -0.0195757
488 488 0.0391142
489 488 -0.0195385
488 489 -0.0195385
489 489 0.039271
490 489 -0.0197325
489 490 -0.0197325
490 490 0.0399872
491 490 -0.0202548
490 491 -0.0202548
491 491 0.0408717
492 491 -0.0206169
491 492 -0.0206169
492 492 0.0412694
493 492 -0.0206526
492 493 -0.0206526
493 493 0.0412656
494 493 -0.0206131
493 494 -0.0206131
494 494 0.0411835
495 494 -0.0205704
494 495 -0.0205704
495 495 0.041099
496 495 -0.0205287
495 496 -0.0205287
496 496 0.0410163
497 496 -0.0204876
496 497 -0.0204876
497 497 0.0409352
498 497 -0.0204476
497 498 -0.0204476
498 498 0.0408523
499 498 -0.0204047
498 499 -0.0204047
499 499 0.0407673
500 499 -0.0203626
499 500 -0.0203626
500 500 0.0406862
501 500 -0.0203236
500 501 -0.0203236
501 501 0.0406045
502 501 -0.0202809
501 502 -0.0202809
502 502 0.0405239
503 502 -0.020243
502 503 -0.020243
503 503 0.0404455
504 503 -0.0202025
503 504 -0.0202025
504 504 0.0403635
505 504 -0.0201609
504 505 -0.0201609
505 505 0.040505
506 505 -0.0203441
505 506 -0.0203441
506 506 0.0412396
507 506 -0.0208955
506 507 -0.0208955
507 507 0.042259
508 507 -0.0213636
507 508 -0.0213636
508 508 0.0428159
509 508 -0.0214523
508 509 -0.0214523
509 509 0.0428542
510 509 -0.0214019
509 510 -0.0214019
510 510 0.0427582
511 510 -0.0213563
510 511 -0.0213563
511 511 0.0426654
512 511 -0.0213092
511 512 -0.0213092
512 512 0.0425723
513 512 -0.0212631
512 513 -0.0212631
513 513 0.0424776
514 513 -0.0212144
513 514 -0.0212144
514 514 0.0423792
515 514 -0.0211647
514 515 -0.0211647
515 515 0.0422841
516 515 -0.0211194
515 516 -0.0211194
516 516 0.0421944
517 516 -0.021075
516 517 -0.021075
517 517 0.0421027
518 517 -0.0210277
517 518 -0.0210277
518 518 0.0420073
519 518 -0.0209795
518 519 -0.0209795
519 519 0.0419154
520 519 -0.0209358
519 520 -0.0209358
520 520 0.0418613
521 520 -0.0209255
520 521 -0.0209255
521 521 0.0422278
522 521 -0.0213023
521 522 -0.0213023
522 522 0.0433505
523 522 -0.0220481
522 523 -0.0220481
523 523 0.0444475
524 523 -0.0223994
523 524 -0.0223994
524 524 0.0447413
525 524 -0.0223419
524 525 -0.0223419
525 525 0.0446275
526 525 -0.0222856
525 526 -0.0222856
526 526 0.0445198
527 526 -0.0222343
526 527 -0.0222343
527 527 0.0444141
528 527 -0.0221798
527 528 -0.0221798
528 528 0.0443022
529 528 -0.0221223
528 529 -0.0221223
529 529 0.04419
530 529 -0.0220676
529 530 -0.0220676
530 530 0.0440834
531 530 -0.0220158
530 531 -0.0220158
531 531 0.0439811
532 531 -0.0219653
531 532 -0.0219653
532 532 0.0438772
533 532 -0.0219119
532 533 -0.0219119
533 533 0.0437651
534 533 -0.0218532
533 534 -0.0218532
534 534 0.0436545
535 534 -0.0218013
534 535 -0.0218013
535 535 0.0435706
536 535 -0.0217693
535 536 -0.0217693
536 536 0.0439357
537 536 -0.0221664
536 537 -0.0221664
537 537 0.0451818
538 537 -0.0230154
537 538 -0.0230154
538 538 0.0464406
539 538 -0.0234252
538 539 -0.0234252
539 539 0.0467879
540 539 -0.0233627
539 540 -0.0233627
540 540 0.0466596
541 540 -0.0232968
540 541 -0.0232968
541 541 0.0465291
542 541 -0.0232322
541 542 -0.0232322
542 542 0.0464036
543 542 -0.0231714
542 543 -0.0231714
543 543 0.0462807
544 543 -0.0231094
543 544 -0.0231094
544 544 0.0461569
545 544 -0.0230476
544 545 -0.0230476
545 545 0.0460345
546 545 -0.0229869
545 546 -0.0229869
546 546 0.0459082
547 546 -0.0229213
546 547 -0.0229213
547 547 0.0457824
548 547 -0.0228611
547 548 -0.0228611
548 548 0.0456658
549 548 -0.0228046
548 549 -0.0228046
549 549 0.0455438
550 549 -0.0227391
549 550 -0.0227391
550 550 0.0456491
551 550 -0.02291
550 551 -0.02291
551 551 0.0464851
552 551 -0.0235751
551 552 -0.0235751
552 552 0.0478667
553 552 -0.0242915
552 553 -0.0242915
553 553 0.0487858
554 553 -0.0244943
553 554 -0.0244943
554 554 0.0489131
555 554 -0.0244188
554 555 -0.0244188
555 555 0.0487911
556 555 -0.0243722
555 556 -0.0243722
556 556 0.0486719
557 556 -0.0242996
556 557 -0.0242996
557 557 0.0485012
558 557 -0.0242016
557 558 -0.0242016
558 558 0.0483296
559 558 -0.024128
558 559 -0.024128
559 559 0.0482064
560 559 -0.0240784
559 560 -0.0240784
560 560 0.0480876
561 560 -0.0240092
560 561 -0.0240092
561 561 0.0479303
562 561 -0.0239211
561 562 -0.0239211
562 562 0.0477734
563 562 -0.0238522
562 563 -0.0238522
563 563 0.0476352
564 563 -0.0237829
563 564 -0.0237829
564 564 0.047701
565 564 -0.0239181
564 565 -0.0239181
565 565 0.0485286
566 565 -0.0246105
565 566 -0.0246105
566 566 0.0500164
567 566 -0.0254059
566 567 -0.0254059
567 567 0.0510692
568 567 -0.0256633
567 568 -0.0256633
568 568 0.0512755
569 568 -0.0256122
568 569 -0.0256122
569 569 0.0511482
570 569 -0.025536
569 570 -0.025536
570 570 0.0509733
571 570 -0.0254373
570 571 -0.0254373
571 571 0.0507771
572 571 -0.0253398
571 572 -0.0253398
572 572 0.050604
573 572 -0.0252642
572 573 -0.0252642
573 573 0.0504526
574 573 -0.0251885
573 574 -0.0251885
574 574 0.0503054
575 574 -0.0251169
574 575 -0.0251169
575 575 0.0501672
576 575 -0.0250502
575 576 -0.0250502
576 576 0.0500081
577 576 -0.0249579
576 577 -0.0249579
577 577 0.0498212
578 577 -0.0248633
577 578 -0.0248633
578 578 0.0500717
579 578 -0.0252083
578 579 -0.0252083
579 579 0.0513606
580 579 -0.0261523
579 580 -0.0261523
580 580 0.0529619
581 580 -0.0268096
580 581 -0.0268096
581 581 0.053669
582 581 -0.0268594
581 582 -0.0268594
582 582 0.0536371
583 582 -0.0267777
582 583 -0.0267777
583 583 0.0534785
584 583 -0.0267008
583 584 -0.0267008
584 584 0.0533041
585 584 -0.0266033
584 585 -0.0266033
585 585 0.0531107
586 585 -0.0265074
585 586 -0.0265074
586 586 0.0529163
587 586 -0.0264089
586 587 -0.0264089
587 587 0.0527161
588 587 -0.0263072
587 588 -0.0263072
588 588 0.0525382
589 588 -0.026231
588 589 -0.026231
589 589 0.0523907
590 589 -0.0261597
589 590 -0.0261597
590 590 0.0522042
591 590 -0.0260445
590 591 -0.0260445
591 591 0.0523034
592 591 -0.0262589
591 592 -0.0262589
592 592 0.053371
593 592 -0.027112
592 593 -0.027112
593 593 0.0550512
594 593 -0.0279392
593 594 -0.0279392
594 594 0.0560873
595 594 -0.0281481
594 595 -0.0281481
595 595 0.0561907
596 595 -0.0280426
595 596 -0.0280426
596 596 0.0559763
597 596 -0.0279337
596 597 -0.0279337
597 597 0.0557903
598 597 -0.0278566
597 598 -0.0278566
598 598 0.0556108
599 598 -0.0277542
598 599 -0.0277542
599 599 0.0553811
600 599 -0.0276269
599 600 -0.0276269
600 600 0.0551581
601 600 -0.0275311
600 601 -0.0275311
601 601 0.0549675
602 601 -0.0274364
601 602 -0.0274364
602 602 0.0547747
603 602 -0.0273384
602 603 -0.0273384
603 603 0.0545756
604 603 -0.0272372
603 604 -0.0272372
604 604 0.0547861
605 604 -0.0275489
604 605 -0.0275489
605 605 0.0560973
606 605 -0.0285484
605 606 -0.0285484
606 606 0.0578505
607 606 -0.0293021
606 607 -0.0293021
607 607 0.0586895
608 607 -0.0293874
607 608 -0.0293874
608 608 0.0586731
609 608 -0.0292857
608 609 -0.0292857
609 609 0.0584486
610 609 -0.0291629
609 610 -0.0291629
610 610 0.0582165
611 610 -0.0290536
610 611 -0.0290536
611 611 0.0580037
612 611 -0.0289502
611 612 -0.0289502
612 612 0.0577763
613 612 -0.0288261
612 613 -0.0288261
613 613 0.0575462
614 613 -0.0287201
613 614 -0.0287201
614 614 0.0573346
615 614 -0.0286145
614 615 -0.0286145
615 615 0.0570873
616 615 -0.0284727
615 616 -0.0284727
616 616 0.0570178
617 616 -0.0285451
616 617 -0.0285451
617 617 0.0578111
618 617 -0.029266
617 618 -0.029266
618 618 0.0595741
619 618 -0.0303081
618 619 -0.0303081
619 619 0.0610016
620 619 -0.0306935
619 620 -0.0306935
620 620 0.0612808
621 620 -0.0305873
620 621 -0.0305873
621 621 0.0610627
622 621 -0.0304754
621 622 -0.0304754
622 622 0.060794
623 622 -0.0303187
622 623 -0.0303187
623 623 0.0605101
624 623 -0.0301914
623 624 -0.0301914
624 624 0.0602746
625 624 -0.0300831
624 625 -0.0300831
625 625 0.0600372
626 625 -0.029954
625 626 -0.029954
626 626 0.0597856
627 626 -0.0298316
626 627 -0.0298316
627 627 0.0595633
628 627 -0.0297317
627 628 -0.0297317
628 628 0.0594584
629 628 -0.0297267
628 629 -0.0297267
629 629 0.0600834
630 629 -0.0303566
629 630 -0.0303566
630 630 0.0618329
631 630 -0.0314762
630 631 -0.0314762
631 631 0.0634376
632 631 -0.0319614
631 632 -0.0319614
632 632 0.0637935
633 632 -0.0318321
632 633 -0.0318321
633 633 0.0634992
634 633 -0.0316671
633 634 -0.0316671
634 634 0.0631996
635 634 -0.0315325
634 635 -0.0315325
635 635 0.0629397
636 635 -0.0314071
635 636 -0.0314071
636 636 0.0626779
637 636 -0.0312707
636 637 -0.0312707
637 637 0.0624107
638 637 -0.03114
637 638 -0.03114
638 638 0.0621348
639 638 -0.0309948
638 639 -0.0309948
639 639 0.0618557
640 639 -0.0308609
639 640 -0.0308609
640 640 0.0618817
641 640 -0.0310208
640 641 -0.0310208
641 641 0.0628965
642 641 -0.0318757
641 642 -0.0318757
642 642 0.0647177
643 642 -0.032842
642 643 -0.032842
643 643 0.0659369
644 643 -0.0330949
643 644 -0.0330949
644 644 0.066031
645 644 -0.0329362
644 645 -0.0329362
645 645 0.0657313
646 645 -0.0327952
645 646 -0.0327952
646 646 0.0654347
647 646 -0.0326395
646 647 -0.0326395
647 647 0.0651273
648 647 -0.0324878
647 648 -0.0324878
648 648 0.0648633
649 648 -0.0323755
648 649 -0.0323755
649 649 0.0646019
650 649 -0.0322264
649 650 -0.0322264
650 650 0.0643006
651 650 -0.0320742
650 651 -0.0320742
651 651 0.0640105
652 651 -0.0319363
651 652 -0.0319363
652 652 0.0644086
653 652 -0.0324724
652 653 -0.0324724
653 653 0.0661862
654 653 -0.0337139
653 654 -0.0337139
654 654 0.067969
655 654 -0.0342552
654 655 -0.0342552
655 655 0.0683467
656 655 -0.0340915
655 656 -0.0340915
656 656 0.0680284
657 656 -0.0339369
656 657 -0.0339369
657 657 0.0677163
658 657 -0.0337794
657 658 -0.0337794
658 658 0.0674181
659 658 -0.0336387
658 659 -0.0336387
659 659 0.0671197
660 659 -0.0334809
659 660 -0.0334809
660 660 0.0667875
661 660 -0.0333065
660 661 -0.0333065
661 661 0.0664626
662 661 -0.0331561
661 662 -0.0331561
662 662 0.066159
663 662 -0.0330029
662 663 -0.0330029
663 663 0.0664577
664 663 -0.0334548
663 664 -0.0334548
664 664 0.0680814
665 664 -0.0346266
664 665 -0.0346266
665 665 0.0698614
666 665 -0.0352348
665 666 -0.0352348
666 666 0.0703369
667 666 -0.035102
666 667 -0.035102
667 667 0.0700466
668 667 -0.0349446
667 668 -0.0349446
668 668 0.0697331
669 668 -0.0347885
668 669 -0.0347885
669 669 0.0693913
670 669 -0.0346028
669 670 -0.0346028
670 670 0.0690365
671 670 -0.0344338
670 671 -0.0344338
671 671 0.0687157
672 671 -0.0342819
671 672 -0.0342819
672 672 0.0683952
673 672 -0.0341133
672 673 -0.0341133
673 673 0.0681206
674 673 -0.0340073
673 674 -0.0340073
674 674 0.0685923
675 674 -0.034585
674 675 -0.034585
675 675 0.0702744
676 675 -0.0356894
675 676 -0.0356894
676 676 0.0718183
677 676 -0.0361289
676 677 -0.0361289
677 677 0.0721022
678 677 -0.0359733
677 678 -0.0359733
678 678 0.0717835
679 678 -0.0358102
678 679 -0.0358102
679 679 0.0714265
680 679 -0.0356163
679 680 -0.0356163
680 680 0.07103
681 680 -0.0354137
680 681 -0.0354137
681 681 0.0706542
682 681 -0.0352405
681 682 -0.0352405
682 682 0.0703196
683 682 -0.0350791
682 683 -0.0350791
683 683 0.0699756
684 683 -0.0348965
683 684 -0.0348965
684 684 0.0699918
685 684 -0.0350953
684 685 -0.0350953
685 685 0.071058
686 685 -0.0359627
685 686 -0.0359627
686 686 0.0726949
687 686 -0.0367321
686 687 -0.0367321
687 687 0.0735559
688 687 -0.0368238
687 688 -0.0368238
688 688 0.0734444
689 688 -0.0366206
688 689 -0.0366206
689 689 0.0730637
690 689 -0.0364431
689 690 -0.0364431
690 690 0.0727059
691 690 -0.0362628
690 691 -0.0362628
691 691 0.0723379
692 691 -0.0360751
691 692 -0.0360751
692 692 0.0719681
693 692 -0.035893
692 693 -0.035893
693 693 0.0715959
694 693 -0.0357029
693 694 -0.0357029
694 694 0.0714111
695 694 -0.0357083
694 695 -0.0357083
695 695 0.0720748
696 695 -0.0363665
695 696 -0.0363665
696 696 0.0736273
697 696 -0.0372608
696 697 -0.0372608
697 697 0.0747607
698 697 -0.0374999
697 698 -0.0374999
698 698 0.0747975
699 698 -0.0372976
698 699 -0.0372976
699 699 0.0744141
700 699 -0.0371165
699 700 -0.0371165
700 700 0.0740576
701 700 -0.036941
700 701 -0.036941
701 701 0.0736561
702 701 -0.036715
701 702 -0.036715
702 702 0.0732197
703 702 -0.0365046
702 703 -0.0365046
703 703 0.0728384
704 703 -0.0363338
703 704 -0.0363338
704 704 0.072671
705 704 -0.0363372
704 705 -0.0363372
705 705 0.0732716
706 705 -0.0369344
705 706 -0.0369344
706 706 0.074711
707 706 -0.0377766
706 707 -0.0377766
707 707 0.0757852
708 707 -0.0380086
707 708 -0.0380086
708 708 0.0758072
709 708 -0.0377986
708 709 -0.0377986
709 709 0.0753889
710 709 -0.0375903
709 710 -0.0375903
710 710 0.0749741
711 710 -0.0373838
710 711 -0.0373838
711 711 0.074573
712 711 -0.0371892
711 712 -0.0371892
712 712 0.0741892
713 712 -0.0370001
712 713 -0.0370001
713 713 0.0737838
714 713 -0.0367838
713 714 -0.0367838
714 714 0.0736765
715 714 -0.0368927
714 715 -0.0368927
715 715 0.0745056
716 715 -0.0376129
715 716 -0.0376129
716 716 0.0758765
717 716 -0.0382637
716 717 -0.0382637
717 717 0.0765897
718 717 -0.038326
717 718 -0.038326
718 718 0.0764264
719 718 -0.0381003
718 719 -0.0381003
719 719 0.0759702
720 719 -0.0378698
719 720 -0.0378698
720 720 0.0755284
721 720 -0.0376586
720 721 -0.0376586
721 721 0.0751167
722 721 -0.0374581
721 722 -0.0374581
722 722 0.0747107
723 722 -0.0372526
722 723 -0.0372526
723 723 0.0743206
724 723 -0.037068
723 724 -0.037068
724 724 0.0745118
725 724 -0.0374437
724 725 -0.0374437
725 725 0.0757595
726 725 -0.0383158
725 726 -0.0383158
726 726 0.0769371
727 726 -0.0386213
726 727 -0.0386213
727 727 0.0770125
728 727 -0.0383912
727 728 -0.0383912
728 728 0.0765633
729 728 -0.0381721
728 729 -0.0381721
729 729 0.0761355
730 729 -0.0379634
729 730 -0.0379634
730 730 0.0757218
731 730 -0.0377584
730 731 -0.0377584
731 731 0.0752841
732 731 -0.0375256
731 732 -0.0375256
732 732 0.0748254
733 732 -0.0372998
732 733 -0.0372998
