0 0 0.272312
1 0 -0.0906284
0 1 -0.0906284
1 1 0.180832
2 1 -0.0902034
1 2 -0.0902034
2 2 0.179984
3 2 -0.089781
2 3 -0.089781
3 3 0.179142
4 3 -0.0893609
3 4 -0.0893609
4 4 0.178303
5 4 -0.088942
4 5 -0.088942
5 5 0.177467
6 5 -0.0885247
5 6 -0.0885247
6 6 0.176635
7 6 -0.0881102
6 7 -0.0881102
7 7 0.175807
8 7 -0.0876973
7 8 -0.0876973
8 8 0.174985
9 8 -0.0872872
8 9 -0.0872872
9 9 0.174165
10 9 -0.0868777
9 10 -0.0868777
10 10 0.173348
11 10 -0.0864699
10 11 -0.0864699
11 11 0.172536
12 11 -0.0860659
11 12 -0.0860659
12 12 0.171728
13 12 -0.0856625
12 13 -0.0856625
13 13 0.170923
14 13 -0.0852608
13 14 -0.0852608
14 14 0.170123
15 14 -0.0848619
14 15 -0.0848619
15 15 0.169326
16 15 -0.0844646
15 16 -0.0844646
16 16 0.168532
17 16 -0.0840679
16 17 -0.0840679
17 17 0.167742
18 17 -0.083674
17 18 -0.083674
18 18 0.166956
19 18 -0.0832818
18 19 -0.0832818
19 19 0.166174
20 19 -0.0828922
19 20 -0.0828922
20 20 0.165397
21 20 -0.0825044
20 21 -0.0825044
21 21 0.164622
22 21 -0.0821172
21 22 -0.0821172
22 22 0.163849
23 22 -0.0817318
22 23 -0.0817318
23 23 0.16308
24 23 -0.0813481
23 24 -0.0813481
24 24 0.162314
25 24 -0.080966
24 25 -0.080966
25 25 0.161555
26 25 -0.0805895
25 26 -0.0805895
26 26 0.1608
27 26 -0.0802108
26 27 -0.0802108
27 27 0.160047
28 27 -0.0798358
27 28 -0.0798358
28 28 0.1593
29 28 -0.0794642
28 29 -0.0794642
29 29 0.158551
30 29 -0.0790871
29 30 -0.0790871
30 30 0.15781
31 30 -0.0787224
30 31 -0.0787224
31 31 0.157075
32 31 -0.0783524
31 32 -0.0783524
32 32 0.156329
33 32 -0.0779771
32 33 -0.0779771
33 33 0.155591
34 33 -0.0776139
33 34 -0.0776139
34 34 0.154868
35 34 -0.0772542
34 35 -0.0772542
35 35 0.154152
36 35 -0.0768977
35 36 -0.0768977
36 36 0.153434
37 36 -0.0765362
36 37 -0.0765362
37 37 0.152706
38 37 -0.0761697
37 38 -0.0761697
38 38 0.151985
39 38 -0.075815
38 39 -0.075815
39 39 0.151279
40 39 -0.0754636
39 40 -0.0754636
40 40 0.150571
41 40 -0.0751073
40 41 -0.0751073
41 41 0.149862
42 41 -0.0747544
41 42 -0.0747544
42 42 0.149159
43 42 -0.0744048
42 43 -0.0744048
43 43 0.148463
44 43 -0.0740584
43 44 -0.0740584
44 44 0.147766
45 44 -0.0737075
44 45 -0.0737075
45 45 0.147067
46 45 -0.0733599
45 46 -0.0733599
46 46 0.146383
47 46 -0.0730232
46 47 -0.0730232
47 47 0.145705
48 47 -0.072682
47 48 -0.072682
48 48 0.145018
49 48 -0.0723365
48 49 -0.0723365
49 49 0.144331
50 49 -0.0719942
49 50 -0.0719942
50 50 0.143657
51 50 -0.0716626
50 51 -0.0716626
51 51 0.142989
52 51 -0.0713267
51 52 -0.0713267
52 52 0.142321
53 52 -0.0709939
52 53 -0.0709939
53 53 0.141658
54 53 -0.0706642
53 54 -0.0706642
54 54 0.140988
55 54 -0.0703235
54 55 -0.0703235
55 55 0.140316
56 55 -0.069993
55 56 -0.069993
56 56 0.139666
57 56 -0.0696725
56 57 -0.0696725
57 57 0.139021
58 57 -0.0693481
57 58 -0.0693481
58 58 0.138368
59 58 -0.0690199
58 59 -0.0690199
59 59 0.137715
60 59 -0.0686948
59 60 -0.0686948
60 60 0.137068
61 60 -0.0683727
60 61 -0.0683727
61 61 0.136426
62 61 -0.0680537
61 62 -0.0680537
62 62 0.135791
63 62 -0.0677376
62 63 -0.0677376
63 63 0.135155
64 63 -0.0674179
63 64 -0.0674179
64 64 0.134519
65 64 -0.0671012
64 65 -0.0671012
65 65 0.133889
66 65 -0.0667875
65 66 -0.0667875
66 66 0.133264
67 66 -0.0664767
66 67 -0.0664767
67 67 0.132639
68 67 -0.0661626
67 68 -0.0661626
68 68 0.132014
69 68 -0.0658514
68 69 -0.0658514
69 69 0.131394
70 69 -0.0655431
69 70 -0.0655431
70 70 0.130781
71 70 -0.0652377
70 71 -0.0652377
71 71 0.130173
72 71 -0.0649351
71 72 -0.0649351
72 72 0.129558
73 72 -0.0646233
72 73 -0.0646233
73 73 0.12895
74 73 -0.0643264
73 74 -0.0643264
74 74 0.128353
75 74 -0.0640263
74 75 -0.0640263
75 75 0.12775
76 75 -0.0637233
75 76 -0.0637233
76 76 0.127146
77 76 -0.063423
76 77 -0.063423
77 77 0.126549
78 77 -0.0631256
77 78 -0.0631256
78 78 0.125957
79 78 -0.062831
78 79 -0.062831
79 79 0.12537
80 79 -0.0625391
79 80 -0.0625391
80 80 0.124783
81 80 -0.0622444
80 81 -0.0622444
81 81 0.124197
82 81 -0.0619524
81 82 -0.0619524
82 82 0.123616
83 82 -0.0616631
82 83 -0.0616631
83 83 0.123034
84 83 -0.0613712
83 84 -0.0613712
84 84 0.122459
85 84 -0.0610874
84 85 -0.0610874
85 85 0.121888
86 85 -0.0608008
85 86 -0.0608008
86 86 0.121318
87 86 -0.060517
86 87 -0.060517
87 87 0.120748
88 87 -0.0602306
87 88 -0.0602306
88 88 0.120178
89 88 -0.0599469
88 89 -0.0599469
89 89 0.119618
90 89 -0.059671
89 90 -0.059671
90 90 0.119063
91 90 -0.0593925
90 91 -0.0593925
91 91 0.118504
92 91 -0.0591116
91 92 -0.0591116
92 92 0.117945
93 92 -0.0588334
92 93 -0.0588334
93 93 0.117391
94 93 -0.0585578
93 94 -0.0585578
94 94 0.116838
95 94 -0.0582799
94 95 -0.0582799
95 95 0.116289
96 95 -0.0580094
95 96 -0.0580094
96 96 0.115751
97 96 -0.0577415
96 97 -0.0577415
97 97 0.115208
98 97 -0.0574665
97 98 -0.0574665
98 98 0.114665
99 98 -0.0571989
98 99 -0.0571989
99 99 0.114133
100 99 -0.0569337
99 100 -0.0569337
100 100 0.1136
101 100 -0.0566664
100 101 -0.0566664
101 101 0.113063
102 101 -0.056397
101 102 -0.056397
102 102 0.112532
103 102 -0.0561347
102 103 -0.0561347
103 103 0.112005
104 103 -0.0558704
103 104 -0.0558704
104 104 0.111479
105 104 -0.0556085
104 105 -0.0556085
105 105 0.110962
106 105 -0.0553535
105 106 -0.0553535
106 106 0.110441
107 106 -0.0550877
106 107 -0.0550877
107 107 0.109917
108 107 -0.0548289
107 108 -0.0548289
108 108 0.109405
109 108 -0.0545766
108 109 -0.0545766
109 109 0.108895
110 109 -0.0543183
109 110 -0.0543183
110 110 0.108385
111 110 -0.0540666
110 111 -0.0540666
111 111 0.10788
112 111 -0.053813
111 112 -0.053813
112 112 0.107371
113 112 -0.0535578
112 113 -0.0535578
113 113 0.106867
114 113 -0.053309
113 114 -0.053309
114 114 0.106367
115 114 -0.0530584
114 115 -0.0530584
115 115 0.105869
116 115 -0.0528103
115 116 -0.0528103
116 116 0.105375
117 116 -0.0525644
116 117 -0.0525644
117 117 0.104881
118 117 -0.0523169
117 118 -0.0523169
118 118 0.104389
119 118 -0.0520717
118 119 -0.0520717
119 119 0.103901
120 119 -0.0518288
119 120 -0.0518288
120 120 0.103413
121 120 -0.0515844
120 121 -0.0515844
121 121 0.102927
122 121 -0.0513422
121 122 -0.0513422
122 122 0.102445
123 122 -0.0511024
122 123 -0.0511024
123 123 0.101963
124 123 -0.050861
123 124 -0.050861
124 124 0.101483
125 124 -0.0506219
124 125 -0.0506219
125 125 0.101011
126 125 -0.0503887
125 126 -0.0503887
126 126 0.100543
127 126 -0.050154
126 127 -0.050154
127 127 0.100068
128 127 -0.0499144
127 128 -0.0499144
128 128 0.0995951
129 128 -0.0496806
128 129 -0.0496806
129 129 0.0991331
130 129 -0.0494525
129 130 -0.0494525
130 130 0.098672
131 130 -0.0492195
130 131 -0.0492195
131 131 0.0982048
132 131 -0.0489853
131 132 -0.0489853
132 132 0.097742
133 132 -0.0487567
132 133 -0.0487567
133 133 0.0972869
134 133 -0.0485302
133 134 -0.0485302
134 134 0.0968327
135 134 -0.0483025
134 135 -0.0483025
135 135 0.0963794
136 135 -0.0480769
135 136 -0.0480769
136 136 0.0959271
137 136 -0.0478502
136 137 -0.0478502
137 137 0.0954757
138 137 -0.0476255
137 138 -0.0476255
138 138 0.0950285
139 138 -0.047403
138 139 -0.047403
139 139 0.0945855
140 139 -0.0471825
139 140 -0.0471825
140 140 0.0941435
141 140 -0.046961
140 141 -0.046961
141 141 0.0936993
142 141 -0.0467383
141 142 -0.0467383
142 142 0.0932592
143 142 -0.0465209
142 143 -0.0465209
143 143 0.0928233
144 143 -0.0463024
143 144 -0.0463024
144 144 0.0923884
145 144 -0.046086
144 145 -0.046086
145 145 0.0919575
146 145 -0.0458716
145 146 -0.0458716
146 146 0.0915277
147 146 -0.0456561
146 147 -0.0456561
147 147 0.0910959
148 147 -0.0454398
147 148 -0.0454398
148 148 0.0906682
149 148 -0.0452284
148 149 -0.0452284
149 149 0.0902474
150 149 -0.045019
149 150 -0.045019
150 150 0.0898247
151 150 -0.0448057
150 151 -0.0448057
151 151 0.0894002
152 151 -0.0445945
151 152 -0.0445945
152 152 0.0889798
153 152 -0.0443853
152 153 -0.0443853
153 153 0.0885632
154 153 -0.044178
153 154 -0.044178
154 154 0.0881506
155 154 -0.0439726
154 155 -0.0439726
155 155 0.087739
156 155 -0.0437664
155 156 -0.0437664
156 156 0.0873286
157 156 -0.0435621
156 157 -0.0435621
157 157 0.0869192
158 157 -0.0433571
157 158 -0.0433571
158 158 0.086511
159 158 -0.0431539
158 159 -0.0431539
159 159 0.0861066
160 159 -0.0429527
159 160 -0.0429527
160 160 0.0857008
161 160 -0.0427481
160 161 -0.0427481
161 161 0.0852961
162 161 -0.042548
161 162 -0.042548
162 162 0.0849004
163 162 -0.0423524
162 163 -0.0423524
163 163 0.0845058
164 163 -0.0421534
163 164 -0.0421534
164 164 0.0841073
165 164 -0.0419539
164 165 -0.0419539
165 165 0.0837125
166 165 -0.0417586
165 166 -0.0417586
166 166 0.0833214
167 166 -0.0415628
166 167 -0.0415628
167 167 0.082929
168 167 -0.0413663
167 168 -0.0413663
168 168 0.08255
169 168 -0.0411837
168 169 -0.0411837
169 169 0.0821769
170 169 -0.0409932
169 170 -0.0409932
170 170 0.081762
171 170 -0.0407688
170 171 -0.0407688
171 171 0.0813485
172 171 -0.0405797
171 172 -0.0405797
172 172 0.0809954
173 172 -0.0404157
172 173 -0.0404157
173 173 0.0806456
174 173 -0.0402299
173 174 -0.0402299
174 174 0.0802528
175 174 -0.0400229
174 175 -0.0400229
175 175 0.0798635
176 175 -0.0398406
175 176 -0.0398406
176 176 0.0795007
177 176 -0.0396601
176 177 -0.0396601
177 177 0.0791189
178 177 -0.0394589
177 178 -0.0394589
178 178 0.0787406
179 178 -0.0392817
178 179 -0.0392817
179 179 0.0783879
180 179 -0.0391061
179 180 -0.0391061
180 180 0.0780383
181 180 -0.0389321
180 181 -0.0389321
181 181 0.0776704
182 181 -0.0387382
181 182 -0.0387382
182 182 0.0772845
183 182 -0.0385463
182 183 -0.0385463
183 183 0.0769234
184 183 -0.0383772
183 184 -0.0383772
184 184 0.076566
185 184 -0.0381888
184 185 -0.0381888
185 185 0.0761909
186 185 -0.0380022
185 186 -0.0380022
186 186 0.07584
187 186 -0.0378378
186 187 -0.0378378
187 187 0.0755128
188 187 -0.0376749
187 188 -0.0376749
188 188 0.0751682
189 188 -0.0374933
188 189 -0.0374933
189 189 0.0747869
190 189 -0.0372936
189 190 -0.0372936
190 190 0.0744288
191 190 -0.0371353
190 191 -0.0371353
191 191 0.0740941
192 191 -0.0369588
191 192 -0.0369588
192 192 0.0737428
193 192 -0.036784
192 193 -0.036784
193 193 0.0733949
194 193 -0.0366109
193 194 -0.0366109
194 194 0.0730502
195 194 -0.0364394
194 195 -0.0364394
195 195 0.0727088
196 195 -0.0362694
195 196 -0.0362694
196 196 0.0723705
197 196 -0.0361011
196 197 -0.0361011
197 197 0.0720354
198 197 -0.0359343
197 198 -0.0359343
198 198 0.0716851
199 198 -0.0357508
198 199 -0.0357508
199 199 0.0713561
200 199 -0.0356053
199 200 -0.0356053
200 200 0.0710483
201 200 -0.035443
200 201 -0.035443
201 201 0.0707075
202 201 -0.0352645
201 202 -0.0352645
202 202 0.0703522
203 202 -0.0350877
202 203 -0.0350877
203 203 0.0700179
204 203 -0.0349301
203 204 -0.0349301
204 204 0.0697041
205 204 -0.034774
204 205 -0.034774
205 205 0.069376
206 205 -0.0346021
205 206 -0.0346021
206 206 0.0690509
207 206 -0.0344488
206 207 -0.0344488
207 207 0.0687289
208 207 -0.0342801
207 208 -0.0342801
208 208 0.0683932
209 208 -0.0341131
208 209 -0.0341131
209 209 0.0680772
210 209 -0.0339641
209 210 -0.0339641
210 210 0.0677642
211 210 -0.0338001
210 211 -0.0338001
211 211 0.0674539
212 211 -0.0336538
211 212 -0.0336538
212 212 0.0671467
213 212 -0.0334928
212 213 -0.0334928
213 213 0.0668103
214 213 -0.0333175
213 214 -0.0333175
214 214 0.0664928
215 214 -0.0331754
214 215 -0.0331754
215 215 0.0662098
216 215 -0.0330345
215 216 -0.0330345
216 216 0.0658983
217 216 -0.0328638
216 217 -0.0328638
217 217 0.0655741
218 217 -0.0327103
217 218 -0.0327103
218 218 0.0652684
219 218 -0.0325581
218 219 -0.0325581
219 219 0.0649506
220 219 -0.0323924
219 220 -0.0323924
220 220 0.0646505
221 220 -0.0322581
220 221 -0.0322581
221 221 0.0643682
222 221 -0.0321101
221 222 -0.0321101
222 222 0.064059
223 222 -0.0319489
222 223 -0.0319489
223 223 0.0637526
224 223 -0.0318037
223 224 -0.0318037
224 224 0.0634493
225 224 -0.0316456
224 225 -0.0316456
225 225 0.0631487
226 225 -0.0315032
225 226 -0.0315032
226 226 0.0628652
227 226 -0.031362
226 227 -0.031362
227 227 0.0625702
228 227 -0.0312082
227 228 -0.0312082
228 228 0.0622641
229 228 -0.0310559
228 229 -0.0310559
229 229 0.0619746
230 229 -0.0309187
229 230 -0.0309187
230 230 0.0617015
231 230 -0.0307828
230 231 -0.0307828
231 231 0.0614039
232 231 -0.0306212
231 232 -0.0306212
232 232 0.0610957
233 232 -0.0304745
232 233 -0.0304745
233 233 0.060817
234 233 -0.0303424
233 234 -0.0303424
234 234 0.0605539
235 234 -0.0302115
234 235 -0.0302115
235 235 0.0602802
236 235 -0.0300687
235 236 -0.0300687
236 236 0.0599833
237 236 -0.0299145
236 237 -0.0299145
237 237 0.0596891
238 237 -0.0297746
237 238 -0.0297746
238 238 0.0594105
239 238 -0.0296359
238 239 -0.0296359
239 239 0.0591344
240 239 -0.0294985
239 240 -0.0294985
240 240 0.0588609
241 240 -0.0293624
240 241 -0.0293624
241 241 0.05859
242 241 -0.0292276
241 242 -0.0292276
242 242 0.0583094
243 242 -0.0290818
242 243 -0.0290818
243 243 0.0580314
244 243 -0.0289495
243 244 -0.0289495
244 244 0.057768
245 244 -0.0288184
244 245 -0.0288184
245 245 0.0574952
246 245 -0.0286768
245 246 -0.0286768
246 246 0.0572249
247 246 -0.0285481
246 247 -0.0285481
247 247 0.0569572
248 247 -0.0284091
247 248 -0.0284091
248 248 0.0566919
249 248 -0.0282828
248 249 -0.0282828
249 249 0.0564292
250 249 -0.0281464
249 250 -0.0281464
250 250 0.0561576
251 250 -0.0280112
250 251 -0.0280112
251 251 0.0558997
252 251 -0.0278884
251 252 -0.0278884
252 252 0.0556442
253 252 -0.0277557
252 253 -0.0277557
253 253 0.0553692
254 253 -0.0276134
253 254 -0.0276134
254 254 0.0550967
255 254 -0.0274833
254 255 -0.0274833
255 255 0.0548484
256 255 -0.0273651
255 256 -0.0273651
256 256 0.0546025
257 256 -0.0272374
256 257 -0.0272374
257 257 0.0543481
258 257 -0.0271108
257 258 -0.0271108
258 258 0.0540961
259 258 -0.0269854
258 259 -0.0269854
259 259 0.0538464
260 259 -0.0268611
259 260 -0.0268611
260 260 0.0535888
261 260 -0.0267278
260 261 -0.0267278
261 261 0.0533235
262 261 -0.0265957
261 262 -0.0265957
262 262 0.0530708
263 262 -0.026475
262 263 -0.026475
263 263 0.0528305
264 263 -0.0263554
263 264 -0.0263554
264 264 0.0525923
265 264 -0.0262369
264 265 -0.0262369
265 265 0.0523465
266 265 -0.0261097
265 266 -0.0261097
266 266 0.0520933
267 266 -0.0259837
266 267 -0.0259837
267 267 0.0518521
268 267 -0.0258684
267 268 -0.0258684
268 268 0.0516132
269 268 -0.0257448
268 269 -0.0257448
269 269 0.051367
270 269 -0.0256223
269 270 -0.0256223
270 270 0.0511232
271 270 -0.0255009
270 271 -0.0255009
271 271 0.0508816
272 271 -0.0253807
271 272 -0.0253807
272 272 0.0506515
273 272 -0.0252708
272 273 -0.0252708
273 273 0.0504235
274 273 -0.0251527
273 274 -0.0251527
274 274 0.0501795
275 274 -0.0250268
274 275 -0.0250268
275 275 0.0499378
276 275 -0.024911
275 276 -0.024911
276 276 0.0497073
277 276 -0.0247963
276 277 -0.0247963
277 277 0.0494703
278 277 -0.024674
277 278 -0.024674
278 278 0.0492354
279 278 -0.0245614
278 279 -0.0245614
279 279 0.0490113
280 279 -0.0244499
279 280 -0.0244499
280 280 0.0487808
281 280 -0.0243309
280 281 -0.0243309
281 281 0.048544
282 281 -0.0242131
281 282 -0.0242131
282 282 0.0483178
283 282 -0.0241047
282 283 -0.0241047
283 283 0.0481019
284 283 -0.0239973
283 284 -0.0239973
284 284 0.0478799
285 284 -0.0238826
284 285 -0.0238826
285 285 0.0476517
286 285 -0.0237691
285 286 -0.0237691
286 286 0.0474257
287 286 -0.0236566
286 287 -0.0236566
287 287 0.0472019
288 287 -0.0235452
287 288 -0.0235452
288 288 0.0469801
289 288 -0.0234349
288 289 -0.0234349
289 289 0.0467604
290 289 -0.0233256
289 290 -0.0233256
290 290 0.0465428
291 290 -0.0232172
290 291 -0.0232172
291 291 0.0463272
292 291 -0.0231099
291 292 -0.0231099
292 292 0.046106
293 292 -0.0229961
292 293 -0.0229961
293 293 0.0458868
294 293 -0.0228908
293 294 -0.0228908
294 294 0.0456772
295 294 -0.0227865
294 295 -0.0227865
295 295 0.0454622
296 295 -0.0226757
295 296 -0.0226757
296 296 0.0452491
297 296 -0.0225734
296 297 -0.0225734
297 297 0.0450381
298 297 -0.0224647
297 298 -0.0224647
298 298 0.0448218
299 298 -0.0223571
298 299 -0.0223571
299 299 0.0446146
300 299 -0.0222576
299 300 -0.0222576
300 300 0.0444095
301 300 -0.0221519
300 301 -0.0221519
301 301 0.0441991
302 301 -0.0220472
301 302 -0.0220472
302 302 0.0439908
303 302 -0.0219436
302 303 -0.0219436
303 303 0.0437844
304 303 -0.0218409
303 304 -0.0218409
304 304 0.04358
305 304 -0.0217391
304 305 -0.0217391
305 305 0.0433775
306 305 -0.0216383
305 306 -0.0216383
306 306 0.0431768
307 306 -0.0215385
306 307 -0.0215385
307 307 0.0429714
308 307 -0.0214329
307 308 -0.0214329
308 308 0.0427679
309 308 -0.021335
308 309 -0.021335
309 309 0.0425728
310 309 -0.0212379
309 310 -0.0212379
310 310 0.0423731
311 310 -0.0211353
310 311 -0.0211353
311 311 0.0421689
312 311 -0.0210337
311 312 -0.0210337
312 312 0.0419729
313 312 -0.0209393
312 313 -0.0209393
313 313 0.0417788
314 313 -0.0208395
313 314 -0.0208395
314 314 0.0415803
315 314 -0.0207407
314 315 -0.0207407
315 315 0.0413897
316 315 -0.020649
315 316 -0.020649
316 316 0.0411949
317 316 -0.0205459
316 317 -0.0205459
317 317 0.0409958
318 317 -0.0204499
317 318 -0.0204499
318 318 0.0408047
319 318 -0.0203548
318 319 -0.0203548
319 319 0.0406152
320 319 -0.0202605
319 320 -0.0202605
320 320 0.0404276
321 320 -0.0201671
320 321 -0.0201671
321 321 0.0402359
322 321 -0.0200688
321 322 -0.0200688
322 322 0.040046
323 322 -0.0199772
322 323 -0.0199772
323 323 0.0398635
324 323 -0.0198864
323 324 -0.0198864
324 324 0.0396771
325 324 -0.0197908
324 325 -0.0197908
325 325 0.0394869
326 325 -0.0196961
325 326 -0.0196961
326 326 0.039304
327 326 -0.0196078
326 327 -0.0196078
327 327 0.0391228
328 327 -0.0195149
327 328 -0.0195149
328 328 0.0389324
329 328 -0.0194175
328 329 -0.0194175
329 329 0.0387492
330 329 -0.0193317
329 330 -0.0193317
330 330 0.038573
331 330 -0.0192413
330 331 -0.0192413
331 331 0.0383879
332 331 -0.0191466
331 332 -0.0191466
332 332 0.0382098
333 332 -0.0190632
332 333 -0.0190632
333 333 0.0380385
334 333 -0.0189753
333 334 -0.0189753
334 334 0.0378585
335 334 -0.0188832
334 335 -0.0188832
335 335 0.0376751
336 335 -0.0187919
335 336 -0.0187919
336 336 0.0374985
337 336 -0.0187066
336 337 -0.0187066
337 337 0.0373236
338 337 -0.018617
337 338 -0.018617
338 338 0.0371453
339 338 -0.0185283
338 339 -0.0185283
339 339 0.0369736
340 339 -0.0184453
339 340 -0.0184453
340 340 0.0368036
341 340 -0.0183582
340 341 -0.0183582
341 341 0.0366302
342 341 -0.018272
341 342 -0.018272
342 342 0.0364585
343 342 -0.0181865
342 343 -0.0181865
343 343 0.0362884
344 343 -0.0181019
343 344 -0.0181019
344 344 0.0361199
345 344 -0.018018
344 345 -0.018018
345 345 0.0359483
346 345 -0.0179303
345 346 -0.0179303
346 346 0.0357784
347 346 -0.017848
346 347 -0.017848
347 347 0.0356145
348 347 -0.0177665
347 348 -0.0177665
348 348 0.0354477
349 348 -0.0176812
348 349 -0.0176812
349 349 0.035278
350 349 -0.0175968
349 350 -0.0175968
350 350 0.0351099
351 350 -0.0175131
350 351 -0.0175131
351 351 0.0349478
352 351 -0.0174346
351 352 -0.0174346
352 352 0.0347871
353 352 -0.0173525
352 353 -0.0173525
353 353 0.0346237
354 353 -0.0172712
353 354 -0.0172712
354 354 0.0344617
355 354 -0.0171906
354 355 -0.0171906
355 355 0.0342971
356 355 -0.0171065
355 356 -0.0171065
356 356 0.034134
357 356 -0.0170275
356 357 -0.0170275
357 357 0.0339766
358 357 -0.0169492
357 358 -0.0169492
358 358 0.0338207
359 358 -0.0168715
358 359 -0.0168715
359 359 0.0336621
360 359 -0.0167906
359 360 -0.0167906
360 360 0.033501
361 360 -0.0167104
360 361 -0.0167104
361 361 0.0333454
362 361 -0.016635
361 362 -0.016635
362 362 0.0331913
363 362 -0.0165563
362 363 -0.0165563
363 363 0.0330346
364 363 -0.0164783
363 364 -0.0164783
364 364 0.0328795
365 364 -0.0164011
364 365 -0.0164011
365 365 0.0327258
366 365 -0.0163246
365 366 -0.0163246
366 366 0.0325735
367 366 -0.0162488
366 367 -0.0162488
367 367 0.0324189
368 367 -0.01617
367 368 -0.01617
368 368 0.0322657
369 368 -0.0160957
368 369 -0.0160957
369 369 0.0321176
370 369 -0.016022
369 370 -0.016022
370 370 0.0319673
371 370 -0.0159453
370 371 -0.0159453
371 371 0.0318147
372 371 -0.0158694
371 372 -0.0158694
372 372 0.0316636
373 372 -0.0157942
372 373 -0.0157942
373 373 0.0315175
374 373 -0.0157233
373 374 -0.0157233
374 374 0.0313727
375 374 -0.0156495
374 375 -0.0156495
375 375 0.0312258
376 375 -0.0155763
375 376 -0.0155763
376 376 0.0310802
377 376 -0.0155039
376 377 -0.0155039
377 377 0.0309326
378 377 -0.0154287
377 378 -0.0154287
378 378 0.0307863
379 378 -0.0153576
378 379 -0.0153576
379 379 0.0306448
380 379 -0.0152872
379 380 -0.0152872
380 380 0.0305013
381 380 -0.0152141
380 381 -0.0152141
381 381 0.0303558
382 381 -0.0151417
381 382 -0.0151417
382 382 0.0302117
383 382 -0.01507
382 383 -0.01507
383 383 0.0300721
384 383 -0.0150021
383 384 -0.0150021
384 384 0.0299339
385 384 -0.0149317
384 385 -0.0149317
385 385 0.0297906
386 385 -0.0148588
385 386 -0.0148588
386 386 0.0296486
387 386 -0.0147898
386 387 -0.0147898
387 387 0.0295111
388 387 -0.0147213
387 388 -0.0147213
388 388 0.0293749
389 388 -0.0146535
388 389 -0.0146535
389 389 0.0292399
390 389 -0.0145864
389 390 -0.0145864
390 390 0.0291032
391 390 -0.0145168
390 391 -0.0145168
391 391 0.0289647
392 391 -0.0144479
391 392 -0.0144479
392 392 0.0288275
393 392 -0.0143796
392 393 -0.0143796
393 393 0.0286916
394 393 -0.014312
393 394 -0.014312
394 394 0.028557
395 394 -0.014245
394 395 -0.014245
395 395 0.0284237
396 395 -0.0141787
395 396 -0.0141787
396 396 0.0282916
397 396 -0.0141129
396 397 -0.0141129
397 397 0.0281607
398 397 -0.0140478
397 398 -0.0140478
398 398 0.0280282
399 398 -0.0139804
398 399 -0.0139804
399 399 0.0278942
400 399 -0.0139137
399 400 -0.0139137
400 400 0.0277642
401 400 -0.0138504
400 401 -0.0138504
401 401 0.0276354
402 401 -0.013785
401 402 -0.013785
402 402 0.0275051
403 402 -0.0137201
402 403 -0.0137201
403 403 0.027376
404 403 -0.0136559
403 404 -0.0136559
404 404 0.0272481
405 404 -0.0135922
404 405 -0.0135922
405 405 0.0271214
406 405 -0.0135292
405 406 -0.0135292
406 406 0.0269959
407 406 -0.0134667
406 407 -0.0134667
407 407 0.026869
408 407 -0.0134023
407 408 -0.0134023
408 408 0.0267407
409 408 -0.0133384
408 409 -0.0133384
409 409 0.0266161
410 409 -0.0132777
409 410 -0.0132777
410 410 0.0264927
411 410 -0.013215
410 411 -0.013215
411 411 0.026368
412 411 -0.013153
411 412 -0.013153
412 412 0.0262444
413 412 -0.0130915
412 413 -0.0130915
413 413 0.0261196
414 413 -0.0130281
413 414 -0.0130281
414 414 0.0259959
415 414 -0.0129678
414 415 -0.0129678
415 415 0.0258758
416 415 -0.012908
415 416 -0.012908
416 416 0.0257567
417 416 -0.0128488
416 417 -0.0128488
417 417 0.0256365
418 417 -0.0127877
417 418 -0.0127877
418 418 0.025515
419 418 -0.0127273
418 419 -0.0127273
419 419 0.0253947
420 419 -0.0126674
419 420 -0.0126674
420 420 0.0252755
421 420 -0.0126081
420 421 -0.0126081
421 421 0.0251574
422 421 -0.0125493
421 422 -0.0125493
422 422 0.0250382
423 422 -0.0124888
422 423 -0.0124888
423 423 0.0249222
424 423 -0.0124334
423 424 -0.0124334
424 424 0.0248074
425 424 -0.012374
424 425 -0.012374
425 425 0.0246893
426 425 -0.0123153
425 426 -0.0123153
426 426 0.0245745
427 426 -0.0122592
426 427 -0.0122592
427 427 0.0244586
428 427 -0.0121994
427 428 -0.0121994
428 428 0.0243416
429 428 -0.0121422
428 429 -0.0121422
429 429 0.02423
430 429 -0.0120877
429 430 -0.0120877
430 430 0.0241193
431 430 -0.0120316
430 431 -0.0120316
431 431 0.0240056
432 431 -0.011974
431 432 -0.011974
432 432 0.0238909
433 432 -0.0119169
432 433 -0.0119169
433 433 0.0237773
434 433 -0.0118604
433 434 -0.0118604
434 434 0.0236668
435 434 -0.0118064
434 435 -0.0118064
435 435 0.0235573
436 435 -0.0117509
435 436 -0.0117509
436 436 0.0234468
437 436 -0.0116959
436 437 -0.0116959
437 437 0.0233373
438 437 -0.0116414
437 438 -0.0116414
438 438 0.023227
439 438 -0.0115856
438 439 -0.0115856
439 439 0.0231177
440 439 -0.0115321
439 440 -0.0115321
440 440 0.0230094
441 440 -0.0114773
440 441 -0.0114773
441 441 0.0229021
442 441 -0.0114248
441 442 -0.0114248
442 442 0.0227959
443 442 -0.011371
442 443 -0.011371
443 443 0.0226869
444 443 -0.0113159
443 444 -0.0113159
444 444 0.0225808
445 444 -0.0112649
444 445 -0.0112649
445 445 0.0224774
446 445 -0.0112126
445 446 -0.0112126
446 446 0.0223715
447 446 -0.0111589
446 447 -0.0111589
447 447 0.0222665
448 447 -0.0111076
447 448 -0.0111076
448 448 0.0221625
449 448 -0.011055
448 449 -0.011055
449 449 0.0220578
450 449 -0.0110028
449 450 -0.0110028
450 450 0.021954
451 450 -0.0109512
450 451 -0.0109512
451 451 0.0218512
452 451 -0.0109
451 452 -0.0109
452 452 0.0217494
453 452 -0.0108493
452 453 -0.0108493
453 453 0.0216468
454 453 -0.0107975
453 454 -0.0107975
454 454 0.0215452
455 454 -0.0107477
454 455 -0.0107477
455 455 0.0214462
456 455 -0.0106985
455 456 -0.0106985
456 456 0.0213465
457 456 -0.010648
456 457 -0.010648
457 457 0.0212444
458 457 -0.0105964
457 458 -0.0105964
458 458 0.0211434
459 458 -0.0105469
458 459 -0.0105469
459 459 0.0210448
460 459 -0.0104979
459 460 -0.0104979
460 460 0.0209472
461 460 -0.0104493
460 461 -0.0104493
461 461 0.0208505
462 461 -0.0104012
461 462 -0.0104012
462 462 0.0207516
463 462 -0.0103504
462 463 -0.0103504
463 463 0.0206521
464 463 -0.0103017
463 464 -0.0103017
464 464 0.0205566
465 464 -0.0102549
464 465 -0.0102549
465 465 0.020462
466 465 -0.0102071
465 466 -0.0102071
466 466 0.0203667
467 466 -0.0101597
466 467 -0.0101597
467 467 0.0202709
468 467 -0.0101112
467 468 -0.0101112
468 468 0.0201745
469 468 -0.0100633
468 469 -0.0100633
469 469 0.0200804
470 469 -0.0100172
469 470 -0.0100172
470 470 0.0199873
471 470 -0.00997009
470 471 -0.00997009
471 471 0.0198921
472 471 -0.00992204
471 472 -0.00992204
472 472 0.0197979
473 472 -0.00987585
472 473 -0.00987585
473 473 0.0197059
474 473 -0.00983008
473 474 -0.00983008
474 474 0.0196148
475 474 -0.00978474
474 475 -0.00978474
475 475 0.0195232
476 475 -0.00973845
475 476 -0.00973845
476 476 0.0194311
477 476 -0.00969261
476 477 -0.00969261
477 477 0.0193398
478 477 -0.00964719
477 478 -0.00964719
478 478 0.0192494
479 478 -0.00960219
478 479 -0.00960219
479 479 0.0191598
480 479 -0.00955762
479 480 -0.00955762
480 480 0.0190698
481 480 -0.00951216
480 481 -0.00951216
481 481 0.0189806
482 481 -0.00946842
481 482 -0.00946842
482 482 0.0188922
483 482 -0.0094238
482 483 -0.0094238
483 483 0.0188022
484 483 -0.00937835
483 484 -0.00937835
484 484 0.0187129
485 484 -0.00933458
484 485 -0.00933458
485 485 0.018627
486 485 -0.00929245
485 486 -0.00929245
486 486 0.0185407
487 486 -0.00924825
486 487 -0.00924825
487 487 0.0184527
488 487 -0.00920447
487 488 -0.00920447
488 488 0.0183656
489 488 -0.0091611
488 489 -0.0091611
489 489 0.0182792
490 489 -0.00911815
489 490 -0.00911815
490 490 0.0181949
491 490 -0.00907676
490 491 -0.00907676
491 491 0.0181102
492 491 -0.00903342
491 492 -0.00903342
492 492 0.0180239
493 492 -0.0089905
492 493 -0.0089905
493 493 0.0179396
494 493 -0.00894912
493 494 -0.00894912
494 494 0.0178561
495 494 -0.00890699
494 495 -0.00890699
495 495 0.0177722
496 495 -0.00886525
495 496 -0.00886525
496 496 0.0176891
497 496 -0.0088239
496 497 -0.0088239
497 497 0.0176068
498 497 -0.00878294
497 498 -0.00878294
498 498 0.0175242
499 498 -0.00874126
498 499 -0.00874126
499 499 0.0174412
500 499 -0.00869998
499 500 -0.00869998
500 500 0.0173601
501 500 -0.00866015
500 501 -0.00866015
501 501 0.0172787
502 501 -0.00861857
501 502 -0.00861857
502 502 0.017197
503 502 -0.00857843
502 503 -0.00857843
503 503 0.0171171
504 503 -0.00853867
503 504 -0.00853867
504 504 0.0170369
505 504 -0.00849824
504 505 -0.00849824
505 505 0.0169564
506 505 -0.00845819
505 506 -0.00845819
506 506 0.0168767
507 506 -0.00841852
506 507 -0.00841852
507 507 0.0167987
508 507 -0.00838022
507 508 -0.00838022
508 508 0.0167205
509 508 -0.00834028
508 509 -0.00834028
509 509 0.016641
510 509 -0.00830072
509 510 -0.00830072
510 510 0.0165632
511 510 -0.00826251
510 511 -0.00826251
511 511 0.0164862
512 511 -0.00822368
511 512 -0.00822368
512 512 0.0164089
513 512 -0.00818522
512 513 -0.00818522
513 513 0.0163323
514 513 -0.00814711
513 514 -0.00814711
514 514 0.0162555
515 514 -0.00810842
514 515 -0.00810842
515 515 0.0161785
516 515 -0.00807009
515 516 -0.00807009
516 516 0.0161031
517 516 -0.00803305
516 517 -0.00803305
517 517 0.0160285
518 517 -0.00799543
517 518 -0.00799543
518 518 0.0159527
519 518 -0.00795726
518 519 -0.00795726
519 519 0.0158776
520 519 -0.00792034
519 520 -0.00792034
520 520 0.0158041
521 520 -0.00788377
520 521 -0.00788377
521 521 0.0157295
522 521 -0.00784577
521 522 -0.00784577
522 522 0.0156548
523 522 -0.00780901
522 523 -0.00780901
523 523 0.0155825
524 523 -0.00777346
523 524 -0.00777346
524 524 0.01551
525 524 -0.00773652
524 525 -0.00773652
525 525 0.0154364
526 525 -0.00769992
525 526 -0.00769992
526 526 0.0153644
527 526 -0.00766451
526 527 -0.00766451
527 527 0.0152931
528 527 -0.0076286
527 528 -0.0076286
528 528 0.0152208
529 528 -0.00759219
528 529 -0.00759219
529 529 0.0151491
530 529 -0.00755695
529 530 -0.00755695
530 530 0.015079
531 530 -0.00752203
530 531 -0.00752203
531 531 0.0150087
532 531 -0.00748663
531 532 -0.00748663
532 532 0.0149382
533 532 -0.00745156
532 533 -0.00745156
533 533 0.0148676
534 533 -0.00741604
533 534 -0.00741604
534 534 0.0147977
535 534 -0.00738163
534 535 -0.00738163
535 535 0.0147292
536 535 -0.00734754
535 536 -0.00734754
536 536 0.0146598
537 536 -0.00731223
536 537 -0.00731223
537 537 0.0145903
538 537 -0.00727802
537 538 -0.00727802
538 538 0.0145221
539 538 -0.00724413
538 539 -0.00724413
539 539 0.0144547
540 539 -0.00721055
539 540 -0.00721055
540 540 0.0143871
541 540 -0.00717654
540 541 -0.00717654
541 541 0.0143194
542 541 -0.00714286
541 542 -0.00714286
542 542 0.0142523
543 542 -0.00710949
542 543 -0.00710949
543 543 0.0141852
544 543 -0.00707571
543 544 -0.00707571
544 544 0.0141187
545 544 -0.00704296
544 545 -0.00704296
545 545 0.0140535
546 545 -0.00701052
545 546 -0.00701052
546 546 0.0139875
547 546 -0.00697698
546 547 -0.00697698
547 547 0.0139214
548 547 -0.00694444
547 548 -0.00694444
548 548 0.0138567
549 548 -0.00691221
548 549 -0.00691221
549 549 0.0137911
550 549 -0.00687893
549 550 -0.00687893
550 550 0.0137282
551 550 -0.00684932
550 551 -0.00684932
551 551 0.0136653
552 551 -0.00681597
551 552 -0.00681597
552 552 0.0135989
553 552 -0.00678295
552 553 -0.00678295
553 553 0.0135332
554 553 -0.00675024
553 554 -0.00675024
554 554 0.0134681
555 554 -0.00671785
554 555 -0.00671785
555 555 0.01341
556 555 -0.00669216
555 556 -0.00669216
556 556 0.0133525
557 556 -0.00666032
556 557 -0.00666032
557 557 0.0132828
558 557 -0.00662252
557 558 -0.00662252
558 558 0.0132139
559 558 -0.00659134
558 559 -0.00659134
559 559 0.0131579
560 559 -0.0065666
559 560 -0.0065666
560 560 0.0131026
561 560 -0.00653595
560 561 -0.00653595
561 561 0.0130355
562 561 -0.00649954
561 562 -0.00649954
562 562 0.012969
563 562 -0.0064695
562 563 -0.0064695
563 563 0.0129092
564 563 -0.00643974
563 564 -0.00643974
564 564 0.01285
565 564 -0.00641026
564 565 -0.00641026
565 565 0.0127971
566 565 -0.00638686
565 566 -0.00638686
566 566 0.0127389
567 566 -0.00635209
566 567 -0.00635209
567 567 0.0126698
568 567 -0.00631769
567 568 -0.00631769
568 568 0.0126127
569 568 -0.00629496
568 569 -0.00629496
569 569 0.0125618
570 569 -0.00626679
569 570 -0.00626679
570 570 0.0125001
571 570 -0.0062333
570 571 -0.0062333
571 571 0.0124335
572 571 -0.00620018
571 572 -0.00620018
572 572 0.012373
573 572 -0.00617284
572 573 -0.00617284
573 573 0.0123186
574 573 -0.00614574
573 574 -0.00614574
574 574 0.0122646
575 574 -0.00611888
574 575 -0.00611888
575 575 0.0122111
576 575 -0.00609225
575 576 -0.00609225
576 576 0.0121529
577 576 -0.00606061
576 577 -0.00606061
577 577 0.0120899
578 577 -0.00602929
577 578 -0.00602929
578 578 0.0120327
579 578 -0.00600343
578 579 -0.00600343
579 579 0.0119812
580 579 -0.0059778
579 580 -0.0059778
580 580 0.0119251
581 580 -0.00594732
580 581 -0.00594732
581 581 0.0118645
582 581 -0.00591716
581 582 -0.00591716
582 582 0.0118094
583 582 -0.00589226
582 583 -0.00589226
583 583 0.0117598
584 583 -0.00586756
583 584 -0.00586756
584 584 0.0117058
585 584 -0.0058382
584 585 -0.0058382
585 585 0.0116473
586 585 -0.00580913
585 586 -0.00580913
586 586 0.0115895
587 586 -0.00578035
586 587 -0.00578035
587 587 0.0115322
588 587 -0.00575185
587 588 -0.00575185
588 588 0.0114802
589 588 -0.00572831
588 589 -0.00572831
589 589 0.0114333
590 589 -0.00570497
589 590 -0.00570497
590 590 0.0113776
591 590 -0.00567261
590 591 -0.00567261
591 591 0.0113178
592 591 -0.00564516
591 592 -0.00564516
592 592 0.0112677
593 592 -0.00562249
592 593 -0.00562249
593 593 0.011218
594 593 -0.00559552
593 594 -0.00559552
594 594 0.0111643
595 594 -0.00556881
594 595 -0.00556881
595 595 0.0111112
596 595 -0.00554236
595 596 -0.00554236
596 596 0.0110585
597 596 -0.00551615
596 597 -0.00551615
597 597 0.0110107
598 597 -0.00549451
597 598 -0.00549451
598 598 0.0109633
599 598 -0.00546875
598 599 -0.00546875
599 599 0.0109078
600 599 -0.00543901
599 600 -0.00543901
600 600 0.0108528
601 600 -0.00541377
600 601 -0.00541377
601 601 0.0108025
602 601 -0.00538876
601 602 -0.00538876
602 602 0.0107527
603 602 -0.00536398
602 603 -0.00536398
603 603 0.0107034
604 603 -0.00533944
603 604 -0.00533944
604 604 0.0106505
605 604 -0.00531108
604 605 -0.00531108
605 605 0.0105981
606 605 -0.00528701
605 606 -0.00528701
606 606 0.0105502
607 606 -0.00526316
606 607 -0.00526316
607 607 0.0105027
608 607 -0.00523952
607 608 -0.00523952
608 608 0.0104556
609 608 -0.0052161
608 609 -0.0052161
609 609 0.0104051
610 609 -0.00518903
609 610 -0.00518903
610 610 0.0103551
611 610 -0.00516605
610 611 -0.00516605
611 611 0.0103093
612 611 -0.00514328
611 612 -0.00514328
612 612 0.0102602
613 612 -0.00511696
612 613 -0.00511696
613 613 0.0102116
614 613 -0.00509461
613 614 -0.00509461
614 614 0.0101671
615 614 -0.00507246
614 615 -0.00507246
615 615 0.0101157
616 615 -0.00504323
615 616 -0.00504323
616 616 0.0100647
617 616 -0.00502152
616 617 -0.00502152
617 617 0.0100215
618 617 -0.005
617 618 -0.005
618 618 0.00997512
619 618 -0.00497512
618 619 -0.00497512
619 619 0.00992562
620 619 -0.0049505
619 620 -0.0049505
620 620 0.00988007
621 620 -0.00492958
620 621 -0.00492958
621 621 0.00983841
622 621 -0.00490884
621 622 -0.00490884
622 622 0.00979029
623 622 -0.00488145
622 623 -0.00488145
623 623 0.00973919
624 623 -0.00485774
623 624 -0.00485774
624 624 0.00969533
625 624 -0.0048376
624 625 -0.0048376
625 625 0.0096519
626 625 -0.00481431
625 626 -0.00481431
626 626 0.00960554
627 626 -0.00479124
626 627 -0.00479124
627 627 0.00956288
628 627 -0.00477164
627 628 -0.00477164
628 628 0.00952063
629 628 -0.00474898
628 629 -0.00474898
629 629 0.00947233
630 629 -0.00472335
629 630 -0.00472335
630 630 0.00942449
631 630 -0.00470114
630 631 -0.00470114
631 631 0.00938342
632 631 -0.00468227
631 632 -0.00468227
632 632 0.00934273
633 632 -0.00466045
632 633 -0.00466045
633 633 0.00929621
634 633 -0.00463576
633 634 -0.00463576
634 634 0.00925013
635 634 -0.00461437
634 635 -0.00461437
635 635 0.00920755
636 635 -0.00459318
635 636 -0.00459318
636 636 0.00916535
637 636 -0.00457218
636 637 -0.00457218
637 637 0.00912354
638 637 -0.00455137
637 638 -0.00455137
638 638 0.00907918
639 638 -0.00452781
638 639 -0.00452781
639 639 0.00903522
640 639 -0.00450741
639 640 -0.00450741
640 640 0.00899458
641 640 -0.00448718
640 641 -0.00448718
641 641 0.00895431
642 641 -0.00446713
641 642 -0.00446713
642 642 0.0089144
643 642 -0.00444727
642 643 -0.00444727
643 643 0.00887205
644 643 -0.00442478
643 644 -0.00442478
644 644 0.00882729
645 644 -0.00440252
644 645 -0.00440252
645 645 0.00878573
646 645 -0.00438322
645 646 -0.00438322
646 646 0.00874459
647 646 -0.00436137
646 647 -0.00436137
647 647 0.00870111
648 647 -0.00433974
647 648 -0.00433974
648 648 0.0086634
649 648 -0.00432366
648 649 -0.00432366
649 649 0.00862605
650 649 -0.0043024
649 650 -0.0043024
650 650 0.00858374
651 650 -0.00428135
650 651 -0.00428135
651 651 0.00854184
652 651 -0.0042605
651 652 -0.0042605
652 652 0.00850035
653 652 -0.00423985
652 653 -0.00423985
653 653 0.00846181
654 653 -0.00422195
653 654 -0.00422195
654 654 0.00842363
655 654 -0.00420168
654 655 -0.00420168
655 655 0.00838328
656 655 -0.0041816
655 656 -0.0041816
656 656 0.00834331
657 656 -0.00416171
656 657 -0.00416171
657 657 0.00830372
658 657 -0.00414201
657 658 -0.00414201
658 658 0.00826694
659 658 -0.00412493
658 659 -0.00412493
659 659 0.0082305
660 659 -0.00410557
659 660 -0.00410557
660 660 0.00818959
661 660 -0.00408401
660 661 -0.00408401
661 661 0.00814905
662 661 -0.00406504
661 662 -0.00406504
662 662 0.00811128
663 662 -0.00404624
662 663 -0.00404624
663 663 0.00807386
664 663 -0.00402762
663 664 -0.00402762
664 664 0.00803678
665 664 -0.00400916
664 665 -0.00400916
665 665 0.00800004
666 665 -0.00399088
665 666 -0.00399088
666 666 0.00796138
667 666 -0.0039705
666 667 -0.0039705
667 667 0.00792307
668 667 -0.00395257
667 668 -0.00395257
668 668 0.00788736
669 668 -0.00393479
668 669 -0.00393479
669 669 0.00784978
670 669 -0.00391499
669 670 -0.00391499
670 670 0.00781254
671 670 -0.00389755
670 671 -0.00389755
671 671 0.00777782
672 671 -0.00388027
671 672 -0.00388027
672 672 0.00774127
673 672 -0.003861
672 673 -0.003861
673 673 0.00770294
674 673 -0.00384193
673 674 -0.00384193
674 674 0.00766707
675 674 -0.00382514
674 675 -0.00382514
675 675 0.00763155
676 675 -0.00380642
675 676 -0.00380642
676 676 0.0075943
677 676 -0.00378788
676 677 -0.00378788
677 677 0.00755943
678 677 -0.00377155
677 678 -0.00377155
678 678 0.00752692
679 678 -0.00375536
678 679 -0.00375536
679 679 0.00749268
680 679 -0.00373732
679 680 -0.00373732
680 680 0.00745479
681 680 -0.00371747
680 681 -0.00371747
681 681 0.00741726
682 681 -0.00369979
681 682 -0.00369979
682 682 0.007384
683 682 -0.00368421
682 683 -0.00368421
683 683 0.00735105
684 683 -0.00366684
683 684 -0.00366684
684 684 0.00731648
685 684 -0.00364964
684 685 -0.00364964
685 685 0.00728222
686 685 -0.00363259
685 686 -0.00363259
686 686 0.00724829
687 686 -0.0036157
686 687 -0.0036157
687 687 0.00721467
688 687 -0.00359897
687 688 -0.00359897
688 688 0.00717953
689 688 -0.00358056
688 689 -0.00358056
689 689 0.00714472
690 689 -0.00356415
689 690 -0.00356415
690 690 0.00711205
691 690 -0.0035479
690 691 -0.0035479
691 691 0.00707968
692 691 -0.00353179
691 692 -0.00353179
692 692 0.00704761
693 692 -0.00351582
692 693 -0.00351582
693 693 0.00701407
694 693 -0.00349825
693 694 -0.00349825
694 694 0.00697911
695 694 -0.00348086
694 695 -0.00348086
695 695 0.0069462
696 695 -0.00346535
695 696 -0.00346535
696 696 0.00691532
697 696 -0.00344998
696 697 -0.00344998
697 697 0.00688303
698 697 -0.00343306
697 698 -0.00343306
698 698 0.00684936
699 698 -0.0034163
698 699 -0.0034163
699 699 0.00681766
700 699 -0.00340136
699 700 -0.00340136
700 700 0.00678791
701 700 -0.00338655
700 701 -0.00338655
701 701 0.00675517
702 701 -0.00336862
701 702 -0.00336862
702 702 0.00672111
703 702 -0.00335249
702 703 -0.00335249
703 703 0.00669059
704 703 -0.0033381
703 704 -0.0033381
704 704 0.00666036
705 704 -0.00332226
704 705 -0.00332226
705 705 0.00662883
706 705 -0.00330657
705 706 -0.00330657
706 706 0.00659759
707 706 -0.00329102
706 707 -0.00329102
707 707 0.00656664
708 707 -0.00327562
707 708 -0.00327562
708 708 0.00653598
709 708 -0.00326036
708 709 -0.00326036
709 709 0.00650561
710 709 -0.00324525
709 710 -0.00324525
710 710 0.00647552
711 710 -0.00323027
710 711 -0.00323027
711 711 0.00644571
712 711 -0.00321543
711 712 -0.00321543
712 712 0.00641617
713 712 -0.00320073
712 713 -0.00320073
713 713 0.00638544
714 713 -0.00318471
713 714 -0.00318471
714 714 0.00635357
715 714 -0.00316885
714 715 -0.00316885
715 715 0.00632343
716 715 -0.00315457
715 716 -0.00315457
716 716 0.006295
717 716 -0.00314042
716 717 -0.00314042
717 717 0.00626682
718 717 -0.0031264
717 718 -0.0031264
718 718 0.00623751
719 718 -0.00311111
718 719 -0.00311111
719 719 0.00620709
720 719 -0.00309598
719 720 -0.00309598
720 720 0.00617696
721 720 -0.00308099
720 721 -0.00308099
721 721 0.00614847
722 721 -0.00306748
