0 0 0.00622431
1 0 -0.00207155
0 1 -0.00207155
1 1 0.00413357
2 1 -0.00206202
1 2 -0.00206202
2 2 0.00411478
3 2 -0.00205276
2 3 -0.00205276
3 3 0.00409677
4 3 -0.00204401
3 4 -0.00204401
4 4 0.0040797
5 4 -0.00203569
4 5 -0.00203569
5 5 0.00406389
6 5 -0.0020282
5 6 -0.0020282
6 6 0.00404973
7 6 -0.00202153
6 7 -0.00202153
7 7 0.00403732
8 7 -0.00201578
7 8 -0.00201578
8 8 0.00402714
9 8 -0.00201136
8 9 -0.00201136
9 9 0.00401879
10 9 -0.00200743
9 10 -0.00200743
10 10 0.00401269
11 10 -0.00200526
10 11 -0.00200526
11 11 0.00401014
12 11 -0.00200488
11 12 -0.00200488
12 12 0.00400999
13 12 -0.00200511
12 13 -0.00200511
13 13 0.00401264
14 13 -0.00200753
13 14 -0.00200753
14 14 0.00401913
15 14 -0.0020116
14 15 -0.0020116
15 15 0.00402843
16 15 -0.00201683
15 16 -0.00201683
16 16 0.00404124
17 16 -0.0020244
16 17 -0.0020244
17 17 0.00405774
18 17 -0.00203334
17 18 -0.00203334
18 18 0.00407746
19 18 -0.00204412
18 19 -0.00204412
19 19 0.00410132
20 19 -0.0020572
19 20 -0.0020572
20 20 0.00412855
21 20 -0.00207135
20 21 -0.00207135
21 21 0.00415947
22 21 -0.00208812
21 22 -0.00208812
22 22 0.00419487
23 22 -0.00210675
22 23 -0.00210675
23 23 0.00423292
24 23 -0.00212616
23 24 -0.00212616
24 24 0.0042754
25 24 -0.00214923
24 25 -0.00214923
25 25 0.00432296
26 25 -0.00217373
25 26 -0.00217373
26 26 0.00437206
27 26 -0.00219832
26 27 -0.00219832
27 27 0.00442617
28 27 -0.00222784
27 28 -0.00222784
28 28 0.00448628
29 28 -0.00225844
28 29 -0.00225844
29 29 0.00454629
30 29 -0.00228785
29 30 -0.00228785
30 30 0.00461164
31 30 -0.00232379
30 31 -0.00232379
31 31 0.00468495
32 31 -0.00236116
31 32 -0.00236116
32 32 0.00475612
33 32 -0.00239496
32 33 -0.00239496
33 33 0.00483136
34 33 -0.0024364
33 34 -0.0024364
34 34 0.00491847
35 34 -0.00248207
34 35 -0.00248207
35 35 0.00500247
36 35 -0.00252039
35 36 -0.00252039
36 36 0.00508659
37 36 -0.0025662
36 37 -0.0025662
37 37 0.00518764
38 37 -0.00262144
37 38 -0.00262144
38 38 0.00528462
39 38 -0.00266318
38 39 -0.00266318
39 39 0.00537501
40 39 -0.00271183
39 40 -0.00271183
40 40 0.00549172
41 40 -0.0027799
40 41 -0.0027799
41 41 0.0056089
42 41 -0.002829
41 42 -0.002829
42 42 0.00570629
43 42 -0.00287728
42 43 -0.00287728
43 43 0.00582887
44 43 -0.00295159
43 44 -0.00295159
44 44 0.00596346
45 44 -0.00301188
44 45 -0.00301188
45 45 0.00607356
46 45 -0.00306168
45 46 -0.00306168
46 46 0.00619917
47 46 -0.00313749
46 47 -0.00313749
47 47 0.00635058
48 47 -0.00321309
47 48 -0.00321309
48 48 0.00647798
49 48 -0.0032649
48 49 -0.0032649
49 49 0.00660265
50 49 -0.00333776
49 50 -0.00333776
50 50 0.00677105
51 50 -0.0034333
50 51 -0.0034333
51 51 0.00692432
52 51 -0.00349102
51 52 -0.00349102
52 52 0.0070474
53 52 -0.00355638
52 53 -0.00355638
53 53 0.00722427
54 53 -0.00366789
53 54 -0.00366789
54 54 0.00741238
55 54 -0.00374449
54 55 -0.00374449
55 55 0.00754548
56 55 -0.00380099
55 56 -0.00380099
56 56 0.00770601
57 56 -0.00390502
56 57 -0.00390502
57 57 0.00791256
58 57 -0.00400755
57 58 -0.00400755
58 58 0.00807298
59 58 -0.00406544
58 59 -0.00406544
59 59 0.0082208
60 59 -0.00415536
59 60 -0.00415536
60 60 0.00844448
61 60 -0.00428912
60 61 -0.00428912
61 61 0.00865306
62 61 -0.00436394
61 62 -0.00436394
62 62 0.00879728
63 62 -0.00443334
62 63 -0.00443334
63 63 0.00900463
64 63 -0.00457128
63 64 -0.00457128
64 64 0.00924998
65 64 -0.0046787
64 65 -0.0046787
65 65 0.00941716
66 65 -0.00473846
65 66 -0.00473846
66 66 0.00959285
67 66 -0.00485439
66 67 -0.00485439
67 67 0.00985574
68 67 -0.00500135
67 68 -0.00500135
68 68 0.0100737
69 68 -0.0050724
68 69 -0.0050724
69 69 0.0102309
70 69 -0.00515849
69 70 -0.00515849
70 70 0.0104896
71 70 -0.00533107
70 71 -0.00533107
71 71 0.0107751
72 71 -0.00544404
71 72 -0.00544404
72 72 0.0109471
73 72 -0.00550302
72 73 -0.00550302
73 73 0.0111464
74 73 -0.00564337
73 74 -0.00564337
74 74 0.0114497
75 74 -0.00580637
74 75 -0.00580637
75 75 0.0116808
76 75 -0.00587444
75 76 -0.00587444
76 76 0.0118474
77 76 -0.00597295
76 77 -0.00597295
77 77 0.0121496
78 77 -0.00617663
77 78 -0.00617663
78 78 0.012474
79 78 -0.00629739
78 79 -0.00629739
79 79 0.0126534
80 79 -0.00635602
79 80 -0.00635602
80 80 0.012871
81 80 -0.00651497
80 81 -0.00651497
81 81 0.0132112
82 81 -0.00669626
81 82 -0.00669626
82 82 0.0134627
83 82 -0.0067664
82 83 -0.0067664
83 83 0.0136388
84 83 -0.0068724
83 84 -0.0068724
84 84 0.0139723
85 84 -0.00709992
84 85 -0.00709992
85 85 0.0143323
86 85 -0.00723233
85 86 -0.00723233
86 86 0.0145225
87 86 -0.00729012
86 87 -0.00729012
87 87 0.0147512
88 87 -0.00746109
87 88 -0.00746109
88 88 0.0151248
89 88 -0.00766376
88 89 -0.00766376
89 89 0.0154047
90 89 -0.00774091
89 90 -0.00774091
90 90 0.0155889
91 90 -0.00784799
90 91 -0.00784799
91 91 0.0159394
92 91 -0.00809144
91 92 -0.00809144
92 92 0.0163335
93 92 -0.00824205
92 93 -0.00824205
93 93 0.016539
94 93 -0.00829699
93 94 -0.00829699
94 94 0.0167676
95 94 -0.00847059
94 95 -0.00847059
95 95 0.0171723
96 95 -0.00870168
95 96 -0.00870168
96 96 0.0174934
97 96 -0.0087917
96 97 -0.0087917
97 97 0.0176813
98 97 -0.00888961
97 98 -0.00888961
98 98 0.0180286
99 98 -0.009139
98 99 -0.009139
99 99 0.0184509
100 99 -0.00931195
99 100 -0.00931195
100 100 0.018678
101 100 -0.00936607
100 101 -0.00936607
101 101 0.0189025
102 101 -0.00953645
101 102 -0.00953645
102 102 0.0193331
103 102 -0.00979664
102 103 -0.00979664
103 103 0.0196981
104 103 -0.00990146
103 104 -0.00990146
104 104 0.0198879
105 104 -0.00998641
104 105 -0.00998641
105 105 0.020222
106 105 -0.0102355
105 106 -0.0102355
106 106 0.0206693
107 106 -0.0104338
106 107 -0.0104338
107 107 0.0209187
108 107 -0.0104849
107 108 -0.0104849
108 108 0.0211264
109 108 -0.0106416
108 109 -0.0106416
109 109 0.0215757
110 109 -0.0109341
109 110 -0.0109341
110 110 0.0219977
111 110 -0.0110635
110 111 -0.0110635
111 111 0.0221916
112 111 -0.0111281
111 112 -0.0111281
112 112 0.0224922
113 112 -0.0113642
112 113 -0.0113642
113 113 0.0229537
114 113 -0.0115895
113 114 -0.0115895
114 114 0.0232287
115 114 -0.0116392
114 115 -0.0116392
115 115 0.0234174
116 115 -0.0117782
115 116 -0.0117782
116 116 0.0238783
117 116 -0.0121001
116 117 -0.0121001
117 117 0.0243502
118 117 -0.0122501
117 118 -0.0122501
118 118 0.0245417
119 118 -0.0122916
118 119 -0.0122916
119 119 0.024804
120 119 -0.0125124
119 120 -0.0125124
120 120 0.0252772
121 120 -0.0127648
120 121 -0.0127648
121 121 0.025598
122 121 -0.0128332
121 122 -0.0128332
122 122 0.0257819
123 122 -0.0129486
122 123 -0.0129486
123 123 0.0261998
124 123 -0.0132512
123 124 -0.0132512
124 124 0.026673
125 124 -0.0134218
124 125 -0.0134218
125 125 0.0268842
126 125 -0.0134624
125 126 -0.0134624
126 126 0.027125
127 126 -0.0136626
126 127 -0.0136626
127 127 0.027602
128 127 -0.0139394
127 128 -0.0139394
128 128 0.027967
129 128 -0.0140275
128 129 -0.0140275
129 129 0.0281436
130 129 -0.0141161
129 130 -0.0141161
130 130 0.0285165
131 130 -0.0144004
130 131 -0.0144004
131 131 0.0289945
132 131 -0.0145942
131 132 -0.0145942
132 132 0.0292204
133 132 -0.0146262
132 133 -0.0146262
133 133 0.029427
134 133 -0.0148008
133 134 -0.0148008
134 134 0.0298995
135 134 -0.0150987
134 135 -0.0150987
135 135 0.0302979
136 135 -0.0151992
135 136 -0.0151992
136 136 0.0304594
137 136 -0.0152603
136 137 -0.0152603
137 137 0.0307835
138 137 -0.0155233
137 138 -0.0155233
138 138 0.0312546
139 138 -0.0157313
138 139 -0.0157313
139 139 0.031493
140 139 -0.0157617
139 140 -0.0157617
140 140 0.0316748
141 140 -0.0159132
140 141 -0.0159132
141 141 0.0321313
142 141 -0.0162181
141 142 -0.0162181
142 142 0.03255
143 142 -0.0163319
142 143 -0.0163319
143 143 0.0327055
144 143 -0.0163736
143 144 -0.0163736
144 144 0.0329846
145 144 -0.016611
144 145 -0.016611
145 145 0.0334367
146 145 -0.0168257
145 146 -0.0168257
146 146 0.033679
147 146 -0.0168533
146 147 -0.0168533
147 147 0.0338374
148 147 -0.016984
147 148 -0.016984
148 148 0.0342754
149 148 -0.0172914
148 149 -0.0172914
149 149 0.0347018
150 149 -0.0174105
149 150 -0.0174105
150 150 0.0348487
151 150 -0.0174382
150 151 -0.0174382
151 151 0.035093
152 151 -0.0176548
151 152 -0.0176548
152 152 0.0355159
153 152 -0.0178612
152 153 -0.0178612
153 153 0.0357424
154 153 -0.0178812
153 154 -0.0178812
154 154 0.0358817
155 154 -0.0180005
154 155 -0.0180005
155 155 0.0363038
156 155 -0.0183033
155 156 -0.0183033
156 156 0.0367195
157 156 -0.0184163
156 157 -0.0184163
157 157 0.0368476
158 157 -0.0184314
157 158 -0.0184314
158 158 0.0370651
159 158 -0.0186337
158 159 -0.0186337
159 159 0.0374678
160 159 -0.0188341
159 160 -0.0188341
160 160 0.0376876
161 160 -0.0188535
160 161 -0.0188535
161 161 0.0378176
162 161 -0.0189641
161 162 -0.0189641
162 162 0.0382087
163 162 -0.0192446
162 163 -0.0192446
163 163 0.0385864
164 163 -0.0193418
163 164 -0.0193418
164 164 0.0386983
165 164 -0.0193564
164 165 -0.0193564
165 165 0.0389036
166 165 -0.0195472
165 166 -0.0195472
166 166 0.0392812
167 166 -0.019734
166 167 -0.019734
167 167 0.0394816
168 167 -0.0197476
167 168 -0.0197476
168 168 0.039596
169 168 -0.0198484
168 169 -0.0198484
169 169 0.0399663
170 169 -0.0201179
169 170 -0.0201179
170 170 0.0403041
171 170 -0.0201863
170 171 -0.0201863
171 171 0.0403774
172 171 -0.0201911
171 172 -0.0201911
172 172 0.0405889
173 172 -0.0203978
172 173 -0.0203978
173 173 0.0409629
174 173 -0.0205651
173 174 -0.0205651
174 174 0.0411215
175 174 -0.0205564
174 175 -0.0205564
175 175 0.041215
176 175 -0.0206586
175 176 -0.0206586
176 176 0.0415593
177 176 -0.0209007
176 177 -0.0209007
177 177 0.0418597
178 177 -0.020959
177 178 -0.020959
178 178 0.0419361
179 178 -0.0209771
178 179 -0.0209771
179 179 0.0421449
180 179 -0.0211678
179 180 -0.0211678
180 180 0.0424739
181 180 -0.021306
180 181 -0.021306
181 181 0.0426113
182 181 -0.0213052
181 182 -0.0213052
182 182 0.0427195
183 182 -0.0214143
182 183 -0.0214143
183 183 0.0430255
184 183 -0.0216112
183 184 -0.0216112
184 184 0.0432412
185 184 -0.0216299
184 185 -0.0216299
185 185 0.0432919
186 185 -0.021662
185 186 -0.021662
186 186 0.0435366
187 186 -0.0218747
186 187 -0.0218747
187 187 0.0438555
188 187 -0.0219809
187 188 -0.0219809
188 188 0.0439562
189 188 -0.0219753
188 189 -0.0219753
189 189 0.044067
190 189 -0.0220917
189 190 -0.0220917
190 190 0.0443464
191 190 -0.0222548
190 191 -0.0222548
191 191 0.0445009
192 191 -0.0222462
191 192 -0.0222462
192 192 0.0445428
193 192 -0.0222967
192 193 -0.0222967
193 193 0.0448003
194 193 -0.0225036
193 194 -0.0225036
194 194 0.0450729
195 194 -0.0225693
194 195 -0.0225693
195 195 0.0451321
196 195 -0.0225627
195 196 -0.0225627
196 196 0.0452648
197 196 -0.022702
196 197 -0.022702
197 197 0.0455174
198 197 -0.0228154
197 198 -0.0228154
198 198 0.0456226
199 198 -0.0228073
198 199 -0.0228073
199 199 0.0457133
200 199 -0.0229061
199 200 -0.0229061
200 200 0.0459624
201 200 -0.0230564
200 201 -0.0230564
201 201 0.0461177
202 201 -0.0230613
201 202 -0.0230613
202 202 0.04615
203 202 -0.0230887
202 203 -0.0230887
203 203 0.0463565
204 203 -0.0232678
203 204 -0.0232678
204 204 0.0466003
205 204 -0.0233325
204 205 -0.0233325
205 205 0.0466436
206 205 -0.0233111
205 206 -0.0233111
206 206 0.046745
207 206 -0.0234339
206 207 -0.0234339
207 207 0.0469664
208 207 -0.0235325
207 208 -0.0235325
208 208 0.0470541
209 208 -0.0235216
208 209 -0.0235216
209 209 0.0471201
210 209 -0.0235985
209 210 -0.0235985
210 210 0.0473346
211 210 -0.0237361
210 211 -0.0237361
211 211 0.0474779
212 211 -0.0237417
211 212 -0.0237417
212 212 0.0474988
213 212 -0.023757
212 213 -0.023757
213 213 0.0476673
214 213 -0.0239102
213 214 -0.0239102
214 214 0.0478748
215 214 -0.0239646
214 215 -0.0239646
215 215 0.0479259
216 215 -0.0239613
215 216 -0.0239613
216 216 0.0480205
217 216 -0.0240592
216 217 -0.0240592
217 217 0.0481951
218 217 -0.0241359
217 218 -0.0241359
218 218 0.0482653
219 218 -0.0241294
218 219 -0.0241294
219 219 0.0483164
220 219 -0.024187
219 220 -0.024187
220 220 0.0484994
221 220 -0.0243124
220 221 -0.0243124
221 221 0.0486239
222 221 -0.0243115
221 222 -0.0243115
222 222 0.0486502
223 222 -0.0243387
222 223 -0.0243387
223 223 0.0488182
224 223 -0.0244795
223 224 -0.0244795
224 224 0.048961
225 224 -0.0244815
224 225 -0.0244815
225 225 0.0489645
226 225 -0.024483
225 226 -0.024483
226 226 0.0490884
227 226 -0.0246054
226 227 -0.0246054
227 227 0.0492501
228 227 -0.0246447
227 228 -0.0246447
228 228 0.0492764
229 228 -0.0246317
228 229 -0.0246317
229 229 0.0493613
230 229 -0.0247295
229 230 -0.0247295
230 230 0.0495421
231 230 -0.0248126
230 231 -0.0248126
231 231 0.0495889
232 231 -0.0247764
231 232 -0.0247764
232 232 0.0496042
233 232 -0.0248279
232 233 -0.0248279
233 233 0.0497725
234 233 -0.0249447
233 234 -0.0249447
234 234 0.0498818
235 234 -0.0249371
234 235 -0.0249371
235 235 0.0498901
236 235 -0.024953
235 236 -0.024953
236 236 0.0500157
237 236 -0.0250627
236 237 -0.0250627
237 237 0.0501264
238 237 -0.0250638
237 238 -0.0250638
238 238 0.0501255
239 238 -0.0250617
238 239 -0.0250617
239 239 0.0502489
240 239 -0.0251872
239 240 -0.0251872
240 240 0.0504
241 240 -0.0252128
240 241 -0.0252128
241 241 0.0504078
242 241 -0.025195
241 242 -0.025195
242 242 0.0504743
243 242 -0.0252794
242 243 -0.0252794
243 243 0.0506056
244 243 -0.0253262
243 244 -0.0253262
244 244 0.0506436
245 244 -0.0253173
244 245 -0.0253173
245 245 0.0506923
246 245 -0.0253749
245 246 -0.0253749
246 246 0.0508087
247 246 -0.0254338
246 247 -0.0254338
247 247 0.0508509
248 247 -0.0254171
247 248 -0.0254171
248 248 0.0508932
249 248 -0.0254762
248 249 -0.0254762
249 249 0.0510318
250 249 -0.0255557
249 250 -0.0255557
250 250 0.0510878
251 250 -0.0255321
250 251 -0.0255321
251 251 0.0510952
252 251 -0.0255631
251 252 -0.0255631
252 252 0.0512184
253 252 -0.0256553
252 253 -0.0256553
253 253 0.0512842
254 253 -0.0256289
253 254 -0.0256289
254 254 0.0512647
255 254 -0.0256358
254 255 -0.0256358
255 255 0.0513791
256 255 -0.0257433
255 256 -0.0257433
256 256 0.0514819
257 256 -0.0257386
256 257 -0.0257386
257 257 0.0514839
258 257 -0.0257454
257 258 -0.0257454
258 258 0.0515941
259 258 -0.0258487
258 259 -0.0258487
259 259 0.0516878
260 259 -0.0258391
259 260 -0.0258391
260 260 0.051663
261 260 -0.0258239
260 261 -0.0258239
261 261 0.0517395
262 261 -0.0259156
261 262 -0.0259156
262 262 0.0518409
263 262 -0.0259253
262 263 -0.0259253
263 263 0.0518477
264 263 -0.0259224
263 264 -0.0259224
264 264 0.0519325
265 264 -0.0260101
264 265 -0.0260101
265 265 0.0520247
266 265 -0.0260146
265 266 -0.0260146
266 266 0.052014
267 266 -0.0259994
266 267 -0.0259994
267 267 0.0520795
268 267 -0.0260801
267 268 -0.0260801
268 268 0.0521648
269 268 -0.0260847
268 269 -0.0260847
269 269 0.0521563
270 269 -0.0260716
269 270 -0.0260716
270 270 0.0522293
271 270 -0.0261577
270 271 -0.0261577
271 271 0.05234
272 271 -0.0261823
271 272 -0.0261823
272 272 0.0523463
273 272 -0.026164
272 273 -0.026164
273 273 0.0523847
274 273 -0.0262207
273 274 -0.0262207
274 274 0.0524635
275 274 -0.0262428
274 275 -0.0262428
275 275 0.0524747
276 275 -0.0262319
275 276 -0.0262319
276 276 0.0525231
277 276 -0.0262912
276 277 -0.0262912
277 277 0.0526048
278 277 -0.0263136
277 278 -0.0263136
278 278 0.0526161
279 278 -0.0263026
278 279 -0.0263026
279 279 0.0526646
280 279 -0.0263621
279 280 -0.0263621
280 280 0.0527489
281 280 -0.0263868
280 281 -0.0263868
281 281 0.0527578
282 281 -0.026371
281 282 -0.026371
282 282 0.0528019
283 282 -0.0264309
282 283 -0.0264309
283 283 0.0528914
284 283 -0.0264604
283 284 -0.0264604
284 284 0.0529049
285 284 -0.0264444
284 285 -0.0264444
285 285 0.0529364
286 285 -0.026492
285 286 -0.026492
286 286 0.0529908
287 286 -0.0264988
286 287 -0.0264988
287 287 0.0529939
288 287 -0.0264951
287 288 -0.0264951
288 288 0.0530585
289 288 -0.0265634
288 289 -0.0265634
289 289 0.0531234
290 289 -0.02656
289 290 -0.02656
290 290 0.0531162
291 290 -0.0265562
290 291 -0.0265562
291 291 0.0531936
292 291 -0.0266374
291 292 -0.0266374
292 292 0.0532565
293 292 -0.0266192
292 293 -0.0266192
293 293 0.0532263
294 293 -0.0266072
293 294 -0.0266072
294 294 0.0532957
295 294 -0.0266885
294 295 -0.0266885
295 295 0.0533587
296 295 -0.0266702
295 296 -0.0266702
296 296 0.0533408
297 296 -0.0266705
296 297 -0.0266705
297 297 0.0534289
298 297 -0.0267584
297 298 -0.0267584
298 298 0.0534902
299 298 -0.0267318
298 299 -0.0267318
299 299 0.0534533
300 299 -0.0267214
299 300 -0.0267214
300 300 0.0535311
301 300 -0.0268096
300 301 -0.0268096
301 301 0.0536051
302 301 -0.0267954
301 302 -0.0267954
302 302 0.0535761
303 302 -0.0267807
302 303 -0.0267807
303 303 0.0536206
304 303 -0.0268399
303 304 -0.0268399
304 304 0.0536654
305 304 -0.0268255
304 305 -0.0268255
305 305 0.053668
306 305 -0.0268424
305 306 -0.0268424
306 306 0.0537463
307 306 -0.0269039
306 307 -0.0269039
307 307 0.053789
308 307 -0.0268851
307 308 -0.0268851
308 308 0.0537892
309 308 -0.0269041
308 309 -0.0269041
309 309 0.053838
310 309 -0.0269339
309 310 -0.0269339
310 310 0.0538507
311 310 -0.0269169
310 311 -0.0269169
311 311 0.0538701
312 311 -0.0269532
311 312 -0.0269532
312 312 0.0539278
313 312 -0.0269745
312 313 -0.0269745
313 313 0.0539425
314 313 -0.026968
313 314 -0.026968
314 314 0.053994
315 314 -0.027026
314 315 -0.027026
315 315 0.0540538
316 315 -0.0270278
315 316 -0.0270278
316 316 0.0540343
317 316 -0.0270065
316 317 -0.0270065
317 317 0.054075
318 317 -0.0270685
317 318 -0.0270685
318 318 0.0541219
319 318 -0.0270535
318 319 -0.0270535
319 319 0.0541023
320 319 -0.0270489
319 320 -0.0270489
320 320 0.0541599
321 320 -0.027111
320 321 -0.027111
321 321 0.0542137
322 321 -0.0271027
321 322 -0.0271027
322 322 0.0542244
323 322 -0.0271217
322 323 -0.0271217
323 323 0.0542841
324 323 -0.0271624
323 324 -0.0271624
324 324 0.0543074
325 324 -0.027145
324 325 -0.027145
325 325 0.0543051
326 325 -0.0271601
325 326 -0.0271601
326 326 0.0543303
327 326 -0.0271702
326 327 -0.0271702
327 327 0.0543355
328 327 -0.0271653
327 328 -0.0271653
328 328 0.0543855
329 328 -0.0272202
328 329 -0.0272202
329 329 0.0544525
330 329 -0.0272323
329 330 -0.0272323
330 330 0.0544487
331 330 -0.0272164
330 331 -0.0272164
331 331 0.0544661
332 331 -0.0272498
331 332 -0.0272498
332 332 0.0545113
333 332 -0.0272615
332 333 -0.0272615
333 333 0.05454
334 333 -0.0272785
333 334 -0.0272785
334 334 0.0545722
335 334 -0.0272937
334 335 -0.0272937
335 335 0.0545806
336 335 -0.0272869
335 336 -0.0272869
336 336 0.0546166
337 336 -0.0273297
336 337 -0.0273297
337 337 0.0546416
338 337 -0.0273119
337 338 -0.0273119
338 338 0.0546168
339 338 -0.0273049
338 339 -0.0273049
339 339 0.0546856
340 339 -0.0273808
339 340 -0.0273808
340 340 0.0547438
341 340 -0.027363
340 341 -0.027363
341 341 0.0547207
342 341 -0.0273577
341 342 -0.0273577
342 342 0.0547658
343 342 -0.0274081
342 343 -0.0274081
343 343 0.0548109
344 343 -0.0274029
343 344 -0.0274029
344 344 0.0548133
345 344 -0.0274104
344 345 -0.0274104
345 345 0.0548121
346 345 -0.0274017
345 346 -0.0274017
346 346 0.0548109
347 346 -0.0274092
346 347 -0.0274092
347 347 0.0548818
348 347 -0.0274726
347 348 -0.0274726
348 348 0.0549382
349 348 -0.0274656
348 349 -0.0274656
349 349 0.0549256
350 349 -0.02746
349 350 -0.02746
350 350 0.0549465
351 350 -0.0274865
350 351 -0.0274865
351 351 0.054971
352 351 -0.0274845
351 352 -0.0274845
352 352 0.0549954
353 352 -0.0275109
352 353 -0.0275109
353 353 0.0550164
354 353 -0.0275055
353 354 -0.0275055
354 354 0.0550069
355 354 -0.0275014
354 355 -0.0275014
355 355 0.0550501
356 355 -0.0275487
355 356 -0.0275487
356 356 0.0550936
357 356 -0.0275449
356 357 -0.0275449
357 357 0.0550953
358 357 -0.0275504
357 358 -0.0275504
358 358 0.0551195
359 358 -0.027569
358 359 -0.027569
359 359 0.0551419
360 359 -0.0275728
359 360 -0.0275728
360 360 0.0551837
361 360 -0.0276108
360 361 -0.0276108
361 361 0.055208
362 361 -0.0275972
361 362 -0.0275972
362 362 0.0551866
363 362 -0.0275895
362 363 -0.0275895
363 363 0.0552185
364 363 -0.027629
363 364 -0.027629
364 364 0.0552635
365 364 -0.0276345
364 365 -0.0276345
365 365 0.0552859
366 365 -0.0276513
365 366 -0.0276513
366 366 0.0552984
367 366 -0.027647
366 367 -0.027647
367 367 0.0552847
368 367 -0.0276377
367 368 -0.0276377
368 368 0.0553166
369 368 -0.0276789
368 369 -0.0276789
369 369 0.0553762
370 369 -0.0276973
369 370 -0.0276973
370 370 0.0553983
371 370 -0.027701
370 371 -0.027701
371 371 0.0553845
372 371 -0.0276835
371 372 -0.0276835
372 372 0.0553706
373 372 -0.0276871
372 373 -0.0276871
373 373 0.055417
374 373 -0.0277299
373 374 -0.0277299
374 374 0.0554635
375 374 -0.0277336
374 375 -0.0277336
375 375 0.055484
376 375 -0.0277503
375 376 -0.0277503
376 376 0.0554959
377 376 -0.0277456
376 377 -0.0277456
377 377 0.0554931
378 377 -0.0277475
377 378 -0.0277475
378 378 0.0555364
379 378 -0.0277889
378 379 -0.0277889
379 379 0.0555729
380 379 -0.0277841
379 380 -0.0277841
380 380 0.0555716
381 380 -0.0277876
380 381 -0.0277876
381 381 0.0555687
382 381 -0.0277812
381 382 -0.0277812
382 382 0.0555541
383 382 -0.027773
382 383 -0.027773
383 383 0.0555887
384 383 -0.0278157
383 384 -0.0278157
384 384 0.055648
385 384 -0.0278323
384 385 -0.0278323
385 385 0.0556665
386 385 -0.0278342
385 386 -0.0278342
386 386 0.0556634
387 386 -0.0278291
386 387 -0.0278291
387 387 0.0556631
388 387 -0.027834
387 388 -0.027834
388 388 0.0556844
389 388 -0.0278505
388 389 -0.0278505
389 389 0.0557072
390 389 -0.0278567
389 390 -0.0278567
390 390 0.0557401
391 390 -0.0278834
390 391 -0.0278834
391 391 0.0557716
392 391 -0.0278882
391 392 -0.0278882
392 392 0.0557695
393 392 -0.0278813
392 393 -0.0278813
393 393 0.0557558
394 393 -0.0278745
393 394 -0.0278745
394 394 0.0557652
395 394 -0.0278907
394 395 -0.0278907
395 395 0.055833
396 395 -0.0279423
395 396 -0.0279423
396 396 0.0558776
397 396 -0.0279354
396 397 -0.0279354
397 397 0.0558649
398 397 -0.0279295
397 398 -0.0279295
398 398 0.0558505
399 398 -0.027921
398 399 -0.027921
399 399 0.0558333
400 399 -0.0279123
399 400 -0.0279123
400 400 0.0558673
401 400 -0.0279549
400 401 -0.0279549
401 401 0.0559248
402 401 -0.0279699
401 402 -0.0279699
402 402 0.0559442
403 402 -0.0279743
402 403 -0.0279743
403 403 0.0559414
404 403 -0.0279671
403 404 -0.0279671
404 404 0.0559384
405 404 -0.0279714
404 405 -0.0279714
405 405 0.0559472
406 405 -0.0279758
405 406 -0.0279758
406 406 0.0559573
407 406 -0.0279814
406 407 -0.0279814
407 407 0.0559895
408 407 -0.0280081
407 408 -0.0280081
408 408 0.0560191
409 408 -0.028011
408 409 -0.028011
409 409 0.0560408
410 409 -0.0280298
409 410 -0.0280298
410 410 0.0560507
411 410 -0.0280209
410 411 -0.0280209
411 411 0.056034
412 411 -0.0280131
411 412 -0.0280131
412 412 0.0560437
413 412 -0.0280305
412 413 -0.0280305
413 413 0.0560625
414 413 -0.0280319
413 414 -0.0280319
414 414 0.0560812
415 414 -0.0280492
414 415 -0.0280492
415 415 0.0560907
416 415 -0.0280415
415 416 -0.0280415
416 416 0.0560882
417 416 -0.0280467
416 417 -0.0280467
417 417 0.0561081
418 417 -0.0280614
417 418 -0.0280614
418 418 0.0561386
419 418 -0.0280772
418 419 -0.0280772
419 419 0.0561584
420 419 -0.0280811
419 420 -0.0280811
420 420 0.0561542
421 420 -0.0280731
420 421 -0.0280731
421 421 0.0561632
422 421 -0.0280901
421 422 -0.0280901
422 422 0.0561804
423 422 -0.0280903
422 423 -0.0280903
423 423 0.0561893
424 423 -0.028099
423 424 -0.028099
424 424 0.0561992
425 424 -0.0281002
424 425 -0.0281002
425 425 0.056203
426 425 -0.0281027
425 426 -0.0281027
426 426 0.0562008
427 426 -0.0280981
426 427 -0.0280981
427 427 0.0561959
428 427 -0.0280979
427 428 -0.0280979
428 428 0.0562114
429 428 -0.0281136
428 429 -0.0281136
429 429 0.0562452
430 429 -0.0281316
429 430 -0.0281316
430 430 0.0562788
431 430 -0.0281472
430 431 -0.0281472
431 431 0.0562847
432 431 -0.0281374
431 432 -0.0281374
432 432 0.0562903
433 432 -0.0281529
432 433 -0.0281529
433 433 0.0563081
434 433 -0.0281552
433 434 -0.0281552
434 434 0.056304
435 434 -0.0281488
434 435 -0.0281488
435 435 0.0562998
436 435 -0.028151
435 436 -0.028151
436 436 0.0563174
437 436 -0.0281664
436 437 -0.0281664
437 437 0.0563373
438 437 -0.0281709
437 438 -0.0281709
438 438 0.0563305
439 438 -0.0281596
438 439 -0.0281596
439 439 0.0563368
440 439 -0.0281772
439 440 -0.0281772
440 440 0.0563553
441 440 -0.0281781
440 441 -0.0281781
441 441 0.0563615
442 441 -0.0281835
441 442 -0.0281835
442 442 0.05637
443 442 -0.0281865
442 443 -0.0281865
443 443 0.0563848
444 443 -0.0281982
443 444 -0.0281982
444 444 0.0564152
445 444 -0.0282169
444 445 -0.0282169
445 445 0.0564246
446 445 -0.0282077
445 446 -0.0282077
446 446 0.0564038
447 446 -0.0281961
446 447 -0.0281961
447 447 0.0564095
448 447 -0.0282134
447 448 -0.0282134
448 448 0.0564407
449 448 -0.0282273
448 449 -0.0282273
449 449 0.0564452
450 449 -0.0282179
449 450 -0.0282179
450 450 0.0564264
451 450 -0.0282084
450 451 -0.0282084
451 451 0.0564195
452 451 -0.0282111
451 452 -0.0282111
452 452 0.0564381
453 452 -0.028227
452 453 -0.028227
453 453 0.0564667
454 453 -0.0282397
453 454 -0.0282397
454 454 0.056483
455 454 -0.0282433
454 455 -0.0282433
455 455 0.056478
456 455 -0.0282347
455 456 -0.0282347
456 456 0.0564719
457 456 -0.0282372
456 457 -0.0282372
457 457 0.0564869
458 457 -0.0282497
457 458 -0.0282497
458 458 0.0565152
459 458 -0.0282655
458 459 -0.0282655
459 459 0.056521
460 459 -0.0282555
459 460 -0.0282555
460 460 0.0565009
461 460 -0.0282454
460 461 -0.0282454
461 461 0.0565074
462 461 -0.028262
461 462 -0.028262
462 462 0.0565231
463 462 -0.0282611
462 463 -0.0282611
463 463 0.0565121
464 463 -0.028251
463 464 -0.028251
464 464 0.0565061
465 464 -0.0282551
464 465 -0.0282551
465 465 0.0565236
466 465 -0.0282685
465 466 -0.0282685
466 466 0.0565523
467 466 -0.0282838
466 467 -0.0282838
467 467 0.0565562
468 467 -0.0282724
467 468 -0.0282724
468 468 0.0565334
469 468 -0.0282609
468 469 -0.0282609
469 469 0.0565381
470 469 -0.0282772
469 470 -0.0282772
470 470 0.0565562
471 470 -0.028279
470 471 -0.028279
471 471 0.0565454
472 471 -0.0282664
471 472 -0.0282664
472 472 0.0565355
473 472 -0.0282691
472 473 -0.0282691
473 473 0.0565522
474 473 -0.0282831
473 474 -0.0282831
474 474 0.0565812
475 474 -0.0282981
474 475 -0.0282981
475 475 0.0565969
476 475 -0.0282988
475 476 -0.0282988
476 476 0.0565868
477 476 -0.028288
476 477 -0.028288
477 477 0.056565
478 477 -0.028277
477 478 -0.028277
478 478 0.0565553
479 478 -0.0282783
478 479 -0.0282783
479 479 0.0565714
480 479 -0.0282931
479 480 -0.0282931
480 480 0.0565857
481 480 -0.0282926
480 481 -0.0282926
481 481 0.0565884
482 481 -0.0282958
481 482 -0.0282958
482 482 0.0566052
483 482 -0.0283095
482 483 -0.0283095
483 483 0.0566057
484 483 -0.0282962
483 484 -0.0282962
484 484 0.056581
485 484 -0.0282848
484 485 -0.0282848
485 485 0.056586
486 485 -0.0283012
485 486 -0.0283012
486 486 0.0566015
487 486 -0.0283003
486 487 -0.0283003
487 487 0.0566015
488 487 -0.0283012
487 488 -0.0283012
488 488 0.0566034
489 488 -0.0283022
488 489 -0.0283022
489 489 0.0566042
490 489 -0.028302
489 490 -0.028302
490 490 0.0566201
491 490 -0.028318
490 491 -0.028318
491 491 0.056635
492 491 -0.0283169
491 492 -0.0283169
492 492 0.056621
493 492 -0.0283041
492 493 -0.0283041
493 493 0.0566107
494 493 -0.0283065
493 494 -0.0283065
494 494 0.0566128
495 494 -0.0283063
494 495 -0.0283063
495 495 0.0566131
496 495 -0.0283068
495 496 -0.0283068
496 496 0.0566267
497 496 -0.0283199
496 497 -0.0283199
497 497 0.0566409
498 497 -0.0283211
497 498 -0.0283211
498 498 0.056629
499 498 -0.0283079
498 499 -0.0283079
499 499 0.0566152
500 499 -0.0283073
499 500 -0.0283073
500 500 0.0566175
501 500 -0.0283101
500 501 -0.0283101
501 501 0.0566179
502 501 -0.0283077
501 502 -0.0283077
502 502 0.0566166
503 502 -0.0283088
502 503 -0.0283088
503 503 0.0566185
504 503 -0.0283097
503 504 -0.0283097
504 504 0.0566185
505 504 -0.0283088
504 505 -0.0283088
505 505 0.056605
506 505 -0.0282961
505 506 -0.0282961
506 506 0.0565912
507 506 -0.0282951
506 507 -0.0282951
507 507 0.0566051
508 507 -0.02831
507 508 -0.02831
508 508 0.0566181
509 508 -0.0283081
508 509 -0.0283081
509 509 0.056615
510 509 -0.028307
509 510 -0.028307
510 510 0.0566153
511 510 -0.0283083
510 511 -0.0283083
511 511 0.0566027
512 511 -0.0282944
511 512 -0.0282944
512 512 0.0566008
513 512 -0.0283064
512 513 -0.0283064
513 513 0.0566131
514 513 -0.0283067
513 514 -0.0283067
514 514 0.0565992
515 514 -0.0282925
514 515 -0.0282925
515 515 0.0565962
516 515 -0.0283036
515 516 -0.0283036
516 516 0.0566082
517 516 -0.0283045
516 517 -0.0283045
517 517 0.0565957
518 517 -0.0282911
517 518 -0.0282911
518 518 0.0565671
519 518 -0.028276
518 519 -0.028276
519 519 0.0565391
520 519 -0.0282632
519 520 -0.0282632
520 520 0.0565393
521 520 -0.0282762
520 521 -0.0282762
521 521 0.0565615
522 521 -0.0282853
521 522 -0.0282853
522 522 0.0565695
523 522 -0.0282842
522 523 -0.0282842
523 523 0.0565823
524 523 -0.0282981
523 524 -0.0282981
524 524 0.0565808
525 524 -0.0282827
524 525 -0.0282827
525 525 0.0565505
526 525 -0.0282678
525 526 -0.0282678
526 526 0.0565357
527 526 -0.0282679
526 527 -0.0282679
527 527 0.0565342
528 527 -0.0282663
527 528 -0.0282663
528 528 0.0565295
529 528 -0.0282632
528 529 -0.0282632
529 529 0.0565129
530 529 -0.0282497
529 530 -0.0282497
530 530 0.0564857
531 530 -0.0282361
530 531 -0.0282361
531 531 0.0564822
532 531 -0.0282461
531 532 -0.0282461
532 532 0.0565038
533 532 -0.0282577
532 533 -0.0282577
533 533 0.0564866
534 533 -0.0282289
533 534 -0.0282289
534 534 0.0564565
535 534 -0.0282276
534 535 -0.0282276
535 535 0.0564673
536 535 -0.0282397
535 536 -0.0282397
536 536 0.0564751
537 536 -0.0282354
536 537 -0.0282354
537 537 0.0564567
538 537 -0.0282214
537 538 -0.0282214
538 538 0.0564276
539 538 -0.0282063
538 539 -0.0282063
539 539 0.0564236
540 539 -0.0282173
539 540 -0.0282173
540 540 0.0564186
541 540 -0.0282013
540 541 -0.0282013
541 541 0.0563874
542 541 -0.0281861
541 542 -0.0281861
542 542 0.056383
543 542 -0.028197
542 543 -0.028197
543 543 0.0564026
544 543 -0.0282056
543 544 -0.0282056
544 544 0.0563966
545 544 -0.028191
544 545 -0.028191
545 545 0.0563677
546 545 -0.0281767
545 546 -0.0281767
546 546 0.0563484
547 546 -0.0281717
546 547 -0.0281717
547 547 0.0563283
548 547 -0.0281566
547 548 -0.0281566
548 548 0.0563242
549 548 -0.0281676
548 549 -0.0281676
549 549 0.0563273
550 549 -0.0281598
549 550 -0.0281598
550 550 0.0563112
551 550 -0.0281514
550 551 -0.0281514
551 551 0.0562954
552 551 -0.0281439
551 552 -0.0281439
552 552 0.0562717
553 552 -0.0281278
552 553 -0.0281278
553 553 0.056252
554 553 -0.0281242
553 554 -0.0281242
554 554 0.0562382
555 554 -0.028114
554 555 -0.028114
555 555 0.0562507
556 555 -0.0281367
555 556 -0.0281367
556 556 0.0562696
557 556 -0.028133
556 557 -0.028133
557 557 0.0562231
558 557 -0.0280902
557 558 -0.0280902
558 558 0.0561765
559 558 -0.0280863
558 559 -0.0280863
559 559 0.0561821
560 559 -0.0280958
559 560 -0.0280958
560 560 0.0561873
561 560 -0.0280916
560 561 -0.0280916
561 561 0.0561531
562 561 -0.0280615
561 562 -0.0280615
562 562 0.0561126
563 562 -0.0280511
562 563 -0.0280511
563 563 0.0561105
564 563 -0.0280594
563 564 -0.0280594
564 564 0.0561082
565 564 -0.0280488
564 565 -0.0280488
565 565 0.0561124
566 565 -0.0280636
565 566 -0.0280636
566 566 0.0560968
567 566 -0.0280333
566 567 -0.0280333
567 567 0.0560367
568 567 -0.0280034
567 568 -0.0280034
568 568 0.0560339
569 568 -0.0280305
568 569 -0.0280305
569 569 0.056056
570 569 -0.0280255
569 570 -0.0280255
570 570 0.056027
571 570 -0.0280015
570 571 -0.0280015
571 571 0.0559664
572 571 -0.0279649
571 572 -0.0279649
572 572 0.0559309
573 572 -0.027966
572 573 -0.027966
573 573 0.0559523
574 573 -0.0279863
573 574 -0.0279863
574 574 0.0559547
575 574 -0.0279684
574 575 -0.0279684
575 575 0.0559246
576 575 -0.0279562
575 576 -0.0279562
576 576 0.0559009
577 576 -0.0279447
576 577 -0.0279447
577 577 0.0558651
578 577 -0.0279204
577 578 -0.0279204
578 578 0.0558541
579 578 -0.0279337
578 579 -0.0279337
579 579 0.0558675
580 579 -0.0279338
579 580 -0.0279338
580 580 0.0558302
581 580 -0.0278964
580 581 -0.0278964
581 581 0.0557811
582 581 -0.0278847
581 582 -0.0278847
582 582 0.0557694
583 582 -0.0278847
582 583 -0.0278847
583 583 0.055769
584 583 -0.0278843
583 584 -0.0278843
584 584 0.0557566
585 584 -0.0278722
584 585 -0.0278722
585 585 0.0557254
586 585 -0.0278531
585 586 -0.0278531
586 586 0.055687
587 586 -0.0278339
586 587 -0.0278339
587 587 0.0556429
588 587 -0.027809
587 588 -0.027809
588 588 0.0556172
589 588 -0.0278082
588 589 -0.0278082
589 589 0.0556337
590 589 -0.0278254
589 590 -0.0278254
590 590 0.0556142
591 590 -0.0277888
590 591 -0.0277888
591 591 0.0555582
592 591 -0.0277694
591 592 -0.0277694
592 592 0.0555558
593 592 -0.0277864
592 593 -0.0277864
593 593 0.0555472
594 593 -0.0277609
593 594 -0.0277609
594 594 0.0555017
595 594 -0.0277408
594 595 -0.0277408
595 595 0.0554743
596 595 -0.0277335
595 596 -0.0277335
596 596 0.0554415
597 596 -0.027708
596 597 -0.027708
597 597 0.0554321
598 597 -0.0277241
597 598 -0.0277241
598 598 0.0554406
599 598 -0.0277164
598 599 -0.0277164
599 599 0.0553761
600 599 -0.0276597
599 600 -0.0276597
600 600 0.0553169
601 600 -0.0276572
600 601 -0.0276572
601 601 0.0553193
602 601 -0.0276621
601 602 -0.0276621
602 602 0.0553033
603 602 -0.0276413
602 603 -0.0276413
603 603 0.0552668
604 603 -0.0276256
603 604 -0.0276256
604 604 0.0552196
605 604 -0.027594
604 605 -0.027594
605 605 0.0551849
606 605 -0.0275909
605 606 -0.0275909
606 606 0.0551733
607 606 -0.0275824
606 607 -0.0275824
607 607 0.0551436
608 607 -0.0275612
607 608 -0.0275612
608 608 0.0551061
609 608 -0.0275448
608 609 -0.0275448
609 609 0.0550578
610 609 -0.027513
609 610 -0.027513
610 610 0.0550095
611 610 -0.0274965
610 611 -0.0274965
611 611 0.054989
612 611 -0.0274925
611 612 -0.0274925
612 612 0.0549785
613 612 -0.027486
612 613 -0.027486
613 613 0.0549553
614 613 -0.0274693
613 614 -0.0274693
614 614 0.0549136
615 614 -0.0274443
614 615 -0.0274443
615 615 0.0548592
616 615 -0.0274149
615 616 -0.0274149
616 616 0.0548302
617 616 -0.0274153
616 617 -0.0274153
617 617 0.0548129
618 617 -0.0273976
617 618 -0.0273976
618 618 0.0547679
619 618 -0.0273703
618 619 -0.0273703
619 619 0.0547132
620 619 -0.0273429
619 620 -0.0273429
620 620 0.0546805
621 620 -0.0273377
620 621 -0.0273377
621 621 0.0546873
622 621 -0.0273496
621 622 -0.0273496
622 622 0.0546619
623 622 -0.0273124
622 623 -0.0273124
623 623 0.0545891
624 623 -0.0272767
623 624 -0.0272767
624 624 0.0545523
625 624 -0.0272755
624 625 -0.0272755
625 625 0.0545356
626 625 -0.0272601
625 626 -0.0272601
626 626 0.0544922
627 626 -0.0272321
626 627 -0.0272321
627 627 0.0544628
628 627 -0.0272306
627 628 -0.0272306
628 628 0.0544501
629 628 -0.0272195
628 629 -0.0272195
629 629 0.0543934
630 629 -0.0271739
629 630 -0.0271739
630 630 0.0543115
631 630 -0.0271376
630 631 -0.0271376
631 631 0.0542853
632 631 -0.0271477
631 632 -0.0271477
632 632 0.0542965
633 632 -0.0271487
632 633 -0.0271487
633 633 0.0542517
634 633 -0.0271029
633 634 -0.0271029
634 634 0.054186
635 634 -0.0270831
634 635 -0.0270831
635 635 0.0541543
636 635 -0.0270712
635 636 -0.0270712
636 636 0.0541179
637 636 -0.0270467
636 637 -0.0270467
637 637 0.0540605
638 637 -0.0270138
637 638 -0.0270138
638 638 0.0539939
639 638 -0.0269801
638 639 -0.0269801
639 639 0.0539647
640 639 -0.0269846
639 640 -0.0269846
640 640 0.0539442
641 640 -0.0269596
640 641 -0.0269596
641 641 0.0538939
642 641 -0.0269343
641 642 -0.0269343
642 642 0.0538601
643 642 -0.0269258
642 643 -0.0269258
643 643 0.0538095
644 643 -0.0268837
643 644 -0.0268837
644 644 0.0537252
645 644 -0.0268414
644 645 -0.0268414
645 645 0.053678
646 645 -0.0268366
645 646 -0.0268366
646 646 0.053668
647 646 -0.0268314
646 647 -0.0268314
647 647 0.0536288
648 647 -0.0267974
647 648 -0.0267974
648 648 0.0535728
649 648 -0.0267754
648 649 -0.0267754
649 649 0.0535286
650 649 -0.0267532
649 650 -0.0267532
650 650 0.0534927
651 650 -0.0267395
650 651 -0.0267395
651 651 0.05344
652 651 -0.0267005
651 652 -0.0267005
652 652 0.0533581
653 652 -0.0266576
652 653 -0.0266576
653 653 0.0533089
654 653 -0.0266513
653 654 -0.0266513
654 654 0.0532841
655 654 -0.0266328
654 655 -0.0266328
655 655 0.0532264
656 655 -0.0265936
655 656 -0.0265936
656 656 0.0531355
657 656 -0.0265419
656 657 -0.0265419
657 657 0.0530649
658 657 -0.026523
657 658 -0.026523
658 658 0.0530636
659 658 -0.0265406
658 659 -0.0265406
659 659 0.0530414
660 659 -0.0265008
659 660 -0.0265008
660 660 0.0529415
661 660 -0.0264407
660 661 -0.0264407
661 661 0.0528699
662 661 -0.0264292
661 662 -0.0264292
662 662 0.0528428
663 662 -0.0264136
662 663 -0.0264136
663 663 0.052787
664 663 -0.0263734
663 664 -0.0263734
664 664 0.0527065
665 664 -0.0263331
664 665 -0.0263331
665 665 0.0526418
666 665 -0.0263087
665 666 -0.0263087
666 666 0.0525814
667 666 -0.0262727
666 667 -0.0262727
667 667 0.052533
668 667 -0.0262602
667 668 -0.0262602
668 668 0.0524955
669 668 -0.0262353
668 669 -0.0262353
669 669 0.0524221
670 669 -0.0261869
669 670 -0.0261869
670 670 0.0523606
671 670 -0.0261737
670 671 -0.0261737
671 671 0.0523221
672 671 -0.0261484
671 672 -0.0261484
672 672 0.0522518
673 672 -0.0261034
672 673 -0.0261034
673 673 0.0521739
674 673 -0.0260705
673 674 -0.0260705
674 674 0.0521067
675 674 -0.0260362
674 675 -0.0260362
675 675 0.0520391
676 675 -0.0260029
675 676 -0.0260029
676 676 0.0519848
677 676 -0.0259818
676 677 -0.0259818
677 677 0.0519254
678 677 -0.0259435
677 678 -0.0259435
678 678 0.0518604
679 678 -0.0259169
678 679 -0.0259169
679 679 0.0518155
680 679 -0.0258986
679 680 -0.0258986
680 680 0.051748
681 680 -0.0258494
680 681 -0.0258494
681 681 0.0516564
682 681 -0.025807
681 682 -0.025807
682 682 0.0515902
683 682 -0.0257832
682 683 -0.0257832
683 683 0.0515323
684 683 -0.0257491
683 684 -0.0257491
684 684 0.0514674
685 684 -0.0257183
684 685 -0.0257183
685 685 0.0514175
686 685 -0.0256992
685 686 -0.0256992
686 686 0.0513791
687 686 -0.02568
686 687 -0.02568
687 687 0.051308
688 687 -0.0256281
687 688 -0.0256281
688 688 0.0511942
689 688 -0.0255662
688 689 -0.0255662
689 689 0.0511041
690 689 -0.0255379
689 690 -0.0255379
690 690 0.0510441
691 690 -0.0255062
690 691 -0.0255062
691 691 0.0509923
692 691 -0.0254861
691 692 -0.0254861
692 692 0.0509433
693 692 -0.0254572
692 693 -0.0254572
693 693 0.0508554
694 693 -0.0253982
693 694 -0.0253982
694 694 0.0507492
695 694 -0.025351
694 695 -0.025351
695 695 0.0506728
696 695 -0.0253218
695 696 -0.0253218
696 696 0.0506141
697 696 -0.0252923
696 697 -0.0252923
697 697 0.0505486
698 697 -0.0252563
697 698 -0.0252563
698 698 0.0504766
699 698 -0.0252203
698 699 -0.0252203
699 699 0.050399
700 699 -0.0251787
699 700 -0.0251787
700 700 0.050307
701 700 -0.0251283
700 701 -0.0251283
701 701 0.0502024
702 701 -0.0250742
701 702 -0.0250742
702 702 0.0501266
703 702 -0.0250524
702 703 -0.0250524
703 703 0.0500887
704 703 -0.0250363
703 704 -0.0250363
704 704 0.0500242
705 704 -0.0249879
704 705 -0.0249879
705 705 0.0499302
706 705 -0.0249424
705 706 -0.0249424
706 706 0.0498392
707 706 -0.0248969
706 707 -0.0248969
707 707 0.0497479
708 707 -0.0248511
707 708 -0.0248511
708 708 0.0496676
709 708 -0.0248166
708 709 -0.0248166
709 709 0.0495986
710 709 -0.0247821
709 710 -0.0247821
710 710 0.0495294
711 710 -0.0247473
710 711 -0.0247473
711 711 0.0494484
712 711 -0.024701
711 712 -0.024701
712 712 0.0493585
713 712 -0.0246574
712 713 -0.0246574
713 713 0.0492655
714 713 -0.0246081
713 714 -0.0246081
714 714 0.0491667
715 714 -0.0245586
714 715 -0.0245586
715 715 0.0490845
716 715 -0.0245259
715 716 -0.0245259
716 716 0.049005
717 716 -0.024479
716 717 -0.024479
717 717 0.048925
718 717 -0.0244459
717 718 -0.0244459
718 718 0.0488644
719 718 -0.0244185
718 719 -0.0244185
719 719 0.0487785
720 719 -0.02436
719 720 -0.02436
720 720 0.0486586
721 720 -0.0242986
720 721 -0.0242986
721 721 0.0485635
722 721 -0.0242649
721 722 -0.0242649
722 722 0.0484874
723 722 -0.0242225
722 723 -0.0242225
723 723 0.0483892
724 723 -0.0241667
723 724 -0.0241667
724 724 0.0482965
725 724 -0.0241298
724 725 -0.0241298
725 725 0.0482278
