0 0 0.00622427
1 0 -0.00207151
0 1 -0.00207151
1 1 0.0041333
2 1 -0.00206179
1 2 -0.00206179
2 2 0.00411393
3 2 -0.00205214
2 3 -0.00205214
3 3 0.00409467
4 3 -0.00204254
3 4 -0.00204254
4 4 0.0040755
5 4 -0.00203296
4 5 -0.00203296
5 5 0.00405638
6 5 -0.00202342
5 6 -0.00202342
6 6 0.00403737
7 6 -0.00201395
6 7 -0.00201395
7 7 0.00401846
8 7 -0.00200451
7 8 -0.00200451
8 8 0.00399965
9 8 -0.00199514
8 9 -0.00199514
9 9 0.00398091
10 9 -0.00198578
9 10 -0.00198578
10 10 0.00396223
11 10 -0.00197646
10 11 -0.00197646
11 11 0.00394368
12 11 -0.00196722
11 12 -0.00196722
12 12 0.00392522
13 12 -0.001958
12 13 -0.001958
13 13 0.00390682
14 13 -0.00194882
13 14 -0.00194882
14 14 0.00388852
15 14 -0.0019397
14 15 -0.0019397
15 15 0.00387032
16 15 -0.00193062
15 16 -0.00193062
16 16 0.00385217
17 16 -0.00192155
16 17 -0.00192155
17 17 0.0038341
18 17 -0.00191255
17 18 -0.00191255
18 18 0.00381613
19 18 -0.00190358
18 19 -0.00190358
19 19 0.00379826
20 19 -0.00189468
19 20 -0.00189468
20 20 0.00378049
21 20 -0.00188581
20 21 -0.00188581
21 21 0.00376278
22 21 -0.00187696
21 22 -0.00187696
22 22 0.00374512
23 22 -0.00186815
22 23 -0.00186815
23 23 0.00372754
24 23 -0.00185938
23 24 -0.00185938
24 24 0.00371004
25 24 -0.00185065
24 25 -0.00185065
25 25 0.0036927
26 25 -0.00184204
25 26 -0.00184204
26 26 0.00367544
27 26 -0.00183339
26 27 -0.00183339
27 27 0.00365821
28 27 -0.00182482
27 28 -0.00182482
28 28 0.00364114
29 28 -0.00181632
28 29 -0.00181632
29 29 0.00362403
30 29 -0.00180771
29 30 -0.00180771
30 30 0.00360708
31 30 -0.00179937
30 31 -0.00179937
31 31 0.00359028
32 31 -0.00179091
31 32 -0.00179091
32 32 0.00357324
33 32 -0.00178233
32 33 -0.00178233
33 33 0.00355637
34 33 -0.00177403
33 34 -0.00177403
34 34 0.00353984
35 34 -0.00176581
34 35 -0.00176581
35 35 0.00352347
36 35 -0.00175766
35 36 -0.00175766
36 36 0.00350706
37 36 -0.0017494
36 37 -0.0017494
37 37 0.00349042
38 37 -0.00174102
37 38 -0.00174102
38 38 0.00347394
39 38 -0.00173291
38 39 -0.00173291
39 39 0.0034578
40 39 -0.00172488
39 40 -0.00172488
40 40 0.00344162
41 40 -0.00171674
40 41 -0.00171674
41 41 0.00342541
42 41 -0.00170867
41 42 -0.00170867
42 42 0.00340935
43 42 -0.00170068
42 43 -0.00170068
43 43 0.00339344
44 43 -0.00169276
43 44 -0.00169276
44 44 0.00337751
45 44 -0.00168474
44 45 -0.00168474
45 45 0.00336154
46 45 -0.0016768
45 46 -0.0016768
46 46 0.0033459
47 46 -0.0016691
46 47 -0.0016691
47 47 0.0033304
48 47 -0.0016613
47 48 -0.0016613
48 48 0.00331471
49 48 -0.0016534
48 49 -0.0016534
49 49 0.00329899
50 49 -0.00164558
49 50 -0.00164558
50 50 0.00328358
51 50 -0.001638
50 51 -0.001638
51 51 0.00326833
52 51 -0.00163032
51 52 -0.00163032
52 52 0.00325304
53 52 -0.00162272
52 53 -0.00162272
53 53 0.0032379
54 53 -0.00161518
53 54 -0.00161518
54 54 0.00322258
55 54 -0.00160739
54 55 -0.00160739
55 55 0.00320723
56 55 -0.00159984
55 56 -0.00159984
56 56 0.00319236
57 56 -0.00159252
56 57 -0.00159252
57 57 0.00317762
58 57 -0.0015851
57 58 -0.0015851
58 58 0.0031627
59 58 -0.0015776
58 59 -0.0015776
59 59 0.00314776
60 59 -0.00157017
59 60 -0.00157017
60 60 0.00313297
61 60 -0.00156281
60 61 -0.00156281
61 61 0.00311832
62 61 -0.00155551
61 62 -0.00155551
62 62 0.0031038
63 62 -0.00154829
62 63 -0.00154829
63 63 0.00308927
64 63 -0.00154098
63 64 -0.00154098
64 64 0.00307472
65 64 -0.00153374
64 65 -0.00153374
65 65 0.00306031
66 65 -0.00152657
65 66 -0.00152657
66 66 0.00304604
67 66 -0.00151947
66 67 -0.00151947
67 67 0.00303176
68 67 -0.00151229
67 68 -0.00151229
68 68 0.00301746
69 68 -0.00150517
68 69 -0.00150517
69 69 0.0030033
70 69 -0.00149813
69 70 -0.00149813
70 70 0.00298927
71 70 -0.00149115
70 71 -0.00149115
71 71 0.00297538
72 71 -0.00148423
71 72 -0.00148423
72 72 0.00296133
73 72 -0.0014771
72 73 -0.0014771
73 73 0.00294742
74 73 -0.00147032
73 74 -0.00147032
74 74 0.00293378
75 74 -0.00146346
74 75 -0.00146346
75 75 0.00291999
76 75 -0.00145653
75 76 -0.00145653
76 76 0.0029062
77 76 -0.00144967
76 77 -0.00144967
77 77 0.00289254
78 77 -0.00144287
77 78 -0.00144287
78 78 0.00287901
79 78 -0.00143614
78 79 -0.00143614
79 79 0.0028656
80 79 -0.00142946
79 80 -0.00142946
80 80 0.00285219
81 80 -0.00142273
80 81 -0.00142273
81 81 0.00283878
82 81 -0.00141605
81 82 -0.00141605
82 82 0.0028255
83 82 -0.00140944
82 83 -0.00140944
83 83 0.00281221
84 83 -0.00140277
83 84 -0.00140277
84 84 0.00279905
85 84 -0.00139628
84 85 -0.00139628
85 85 0.00278602
86 85 -0.00138973
85 86 -0.00138973
86 86 0.00277298
87 86 -0.00138325
86 87 -0.00138325
87 87 0.00275994
88 87 -0.0013767
87 88 -0.0013767
88 88 0.00274691
89 88 -0.00137021
88 89 -0.00137021
89 89 0.00273412
90 89 -0.00136391
89 90 -0.00136391
90 90 0.00272145
91 90 -0.00135754
90 91 -0.00135754
91 91 0.00270867
92 91 -0.00135112
91 92 -0.00135112
92 92 0.00269589
93 92 -0.00134476
92 93 -0.00134476
93 93 0.00268323
94 93 -0.00133846
93 94 -0.00133846
94 94 0.00267058
95 94 -0.00133211
94 95 -0.00133211
95 95 0.00265804
96 95 -0.00132593
95 96 -0.00132593
96 96 0.00264574
97 96 -0.00131981
96 97 -0.00131981
97 97 0.00263333
98 97 -0.00131352
97 98 -0.00131352
98 98 0.00262092
99 98 -0.0013074
98 99 -0.0013074
99 99 0.00260875
100 99 -0.00130134
99 100 -0.00130134
100 100 0.00259657
101 100 -0.00129523
100 101 -0.00129523
101 101 0.00258431
102 101 -0.00128908
101 102 -0.00128908
102 102 0.00257215
103 102 -0.00128308
102 103 -0.00128308
103 103 0.00256012
104 103 -0.00127704
103 104 -0.00127704
104 104 0.00254809
105 104 -0.00127105
104 105 -0.00127105
105 105 0.00253627
106 105 -0.00126522
105 106 -0.00126522
106 106 0.00252437
107 106 -0.00125915
106 107 -0.00125915
107 107 0.00251238
108 107 -0.00125323
107 108 -0.00125323
108 108 0.0025007
109 108 -0.00124747
108 109 -0.00124747
109 109 0.00248903
110 109 -0.00124156
109 110 -0.00124156
110 110 0.00247737
111 110 -0.00123581
110 111 -0.00123581
111 111 0.00246582
112 111 -0.00123001
111 112 -0.00123001
112 112 0.00245419
113 112 -0.00122418
112 113 -0.00122418
113 113 0.00244267
114 113 -0.00121849
113 114 -0.00121849
114 114 0.00243125
115 114 -0.00121276
114 115 -0.00121276
115 115 0.00241986
116 115 -0.00120709
115 116 -0.00120709
116 116 0.00240856
117 116 -0.00120147
116 117 -0.00120147
117 117 0.00239729
118 117 -0.00119581
117 118 -0.00119581
118 118 0.00238603
119 118 -0.00119021
118 119 -0.00119021
119 119 0.00237487
120 119 -0.00118466
119 120 -0.00118466
120 120 0.00236373
121 120 -0.00117907
120 121 -0.00117907
121 121 0.00235261
122 121 -0.00117354
121 122 -0.00117354
122 122 0.00234159
123 122 -0.00116805
122 123 -0.00116805
123 123 0.00233059
124 123 -0.00116254
123 124 -0.00116254
124 124 0.00231961
125 124 -0.00115707
124 125 -0.00115707
125 125 0.00230881
126 125 -0.00115174
125 126 -0.00115174
126 126 0.00229812
127 126 -0.00114638
126 127 -0.00114638
127 127 0.00228728
128 127 -0.0011409
127 128 -0.0011409
128 128 0.00227646
129 128 -0.00113556
128 129 -0.00113556
129 129 0.0022659
130 129 -0.00113034
129 130 -0.00113034
130 130 0.00225536
131 130 -0.00112502
130 131 -0.00112502
131 131 0.00224468
132 131 -0.00111966
131 132 -0.00111966
132 132 0.0022341
133 132 -0.00111444
132 133 -0.00111444
133 133 0.0022237
134 133 -0.00110926
133 134 -0.00110926
134 134 0.00221332
135 134 -0.00110406
134 135 -0.00110406
135 135 0.00220296
136 135 -0.0010989
135 136 -0.0010989
136 136 0.00219262
137 136 -0.00109372
136 137 -0.00109372
137 137 0.0021823
138 137 -0.00108858
137 138 -0.00108858
138 138 0.00217208
139 138 -0.0010835
138 139 -0.0010835
139 139 0.00216195
140 139 -0.00107846
139 140 -0.00107846
140 140 0.00215185
141 140 -0.00107339
140 141 -0.00107339
141 141 0.0021417
142 141 -0.0010683
141 142 -0.0010683
142 142 0.00213164
143 142 -0.00106333
142 143 -0.00106333
143 143 0.00212168
144 143 -0.00105834
143 144 -0.00105834
144 144 0.00211173
145 144 -0.00105339
144 145 -0.00105339
145 145 0.00210189
146 145 -0.00104849
145 146 -0.00104849
146 146 0.00209206
147 146 -0.00104357
146 147 -0.00104357
147 147 0.00208219
148 147 -0.00103862
147 148 -0.00103862
148 148 0.00207242
149 148 -0.00103379
148 149 -0.00103379
149 149 0.0020628
150 149 -0.00102901
149 150 -0.00102901
150 150 0.00205314
151 150 -0.00102413
150 151 -0.00102413
151 151 0.00204343
152 151 -0.0010193
151 152 -0.0010193
152 152 0.00203382
153 152 -0.00101452
152 153 -0.00101452
153 153 0.0020243
154 153 -0.00100978
153 154 -0.00100978
154 154 0.00201487
155 154 -0.00100509
154 155 -0.00100509
155 155 0.00200546
156 155 -0.00100038
155 156 -0.00100038
156 156 0.00199608
157 156 -0.000995706
156 157 -0.000995706
157 157 0.00198672
158 157 -0.000991019
157 158 -0.000991019
158 158 0.00197739
159 158 -0.000986376
158 159 -0.000986376
159 159 0.00196815
160 159 -0.000981776
159 160 -0.000981776
160 160 0.00195888
161 160 -0.000977099
160 161 -0.000977099
161 161 0.00194963
162 161 -0.000972526
161 162 -0.000972526
162 162 0.00194058
163 162 -0.000968054
162 163 -0.000968054
163 163 0.00193156
164 163 -0.000963507
163 164 -0.000963507
164 164 0.00192245
165 164 -0.000958945
164 165 -0.000958945
165 165 0.00191343
166 165 -0.000954483
165 166 -0.000954483
166 166 0.00190449
167 166 -0.000950006
166 167 -0.000950006
167 167 0.00189552
168 167 -0.000945515
167 168 -0.000945515
168 168 0.00188686
169 168 -0.000941343
168 169 -0.000941343
169 169 0.00187833
170 169 -0.000936988
169 170 -0.000936988
170 170 0.00186885
171 170 -0.000931858
170 171 -0.000931858
171 171 0.00185939
172 171 -0.000927536
171 172 -0.000927536
172 172 0.00185132
173 172 -0.000923788
172 173 -0.000923788
173 173 0.00184333
174 173 -0.00091954
173 174 -0.00091954
174 174 0.00183435
175 174 -0.000914808
174 175 -0.000914808
175 175 0.00182545
176 175 -0.000910643
175 176 -0.000910643
176 176 0.00181716
177 176 -0.000906516
176 177 -0.000906516
177 177 0.00180843
178 177 -0.000901917
177 178 -0.000901917
178 178 0.00179978
179 178 -0.000897868
178 179 -0.000897868
179 179 0.00179172
180 179 -0.000893855
179 180 -0.000893855
180 180 0.00178373
181 180 -0.000889878
180 181 -0.000889878
181 181 0.00177532
182 181 -0.000885445
181 182 -0.000885445
182 182 0.0017665
183 182 -0.000881057
182 183 -0.000881057
183 183 0.00175825
184 183 -0.000877193
183 184 -0.000877193
184 184 0.00175008
185 184 -0.000872886
184 185 -0.000872886
185 185 0.00174151
186 185 -0.000868621
185 186 -0.000868621
186 186 0.00173349
187 186 -0.000864865
186 187 -0.000864865
187 187 0.00172601
188 187 -0.000861141
187 188 -0.000861141
188 188 0.00171813
189 188 -0.00085699
188 189 -0.00085699
189 189 0.00170941
190 189 -0.000852424
189 190 -0.000852424
190 190 0.00170123
191 190 -0.000848806
190 191 -0.000848806
191 191 0.00169358
192 191 -0.000844773
191 192 -0.000844773
192 192 0.00168555
193 192 -0.000840778
192 193 -0.000840778
193 193 0.0016776
194 193 -0.00083682
193 194 -0.00083682
194 194 0.00166972
195 194 -0.0008329
194 195 -0.0008329
195 195 0.00166192
196 195 -0.000829016
195 196 -0.000829016
196 196 0.00165418
197 196 -0.000825168
196 197 -0.000825168
197 197 0.00164652
198 197 -0.000821355
197 198 -0.000821355
198 198 0.00163852
199 198 -0.00081716
198 199 -0.00081716
199 199 0.001631
200 199 -0.000813835
199 200 -0.000813835
200 200 0.00162396
201 200 -0.000810127
200 201 -0.000810127
201 201 0.00161617
202 201 -0.000806045
201 202 -0.000806045
202 202 0.00160805
203 202 -0.000802005
202 203 -0.000802005
203 203 0.00160041
204 203 -0.000798403
203 204 -0.000798403
204 204 0.00159324
205 204 -0.000794834
204 205 -0.000794834
205 205 0.00158574
206 205 -0.000790905
205 206 -0.000790905
206 206 0.00157831
207 206 -0.000787402
206 207 -0.000787402
207 207 0.00157095
208 207 -0.000783546
207 208 -0.000783546
208 208 0.00156327
209 208 -0.000779727
208 209 -0.000779727
209 209 0.00155605
210 209 -0.000776322
209 210 -0.000776322
210 210 0.0015489
211 210 -0.000772574
210 211 -0.000772574
211 211 0.0015418
212 211 -0.000769231
211 212 -0.000769231
212 212 0.00153478
213 212 -0.00076555
212 213 -0.00076555
213 213 0.00152709
214 213 -0.000761542
213 214 -0.000761542
214 214 0.00151984
215 214 -0.000758294
214 215 -0.000758294
215 215 0.00151337
216 215 -0.000755073
215 216 -0.000755073
216 216 0.00150625
217 216 -0.000751174
216 217 -0.000751174
217 217 0.00149884
218 217 -0.000747664
217 218 -0.000747664
218 218 0.00149185
219 218 -0.000744186
218 219 -0.000744186
219 219 0.00148458
220 219 -0.000740398
219 220 -0.000740398
220 220 0.00147773
221 220 -0.000737327
220 221 -0.000737327
221 221 0.00147127
222 221 -0.000733945
221 222 -0.000733945
222 222 0.00146421
223 222 -0.00073026
222 223 -0.00073026
223 223 0.0014572
224 223 -0.000726942
223 224 -0.000726942
224 224 0.00145027
225 224 -0.000723327
224 225 -0.000723327
225 225 0.0014434
226 225 -0.000720072
225 226 -0.000720072
226 226 0.00143692
227 226 -0.000716846
226 227 -0.000716846
227 227 0.00143018
228 227 -0.00071333
227 228 -0.00071333
228 228 0.00142318
229 228 -0.000709849
228 229 -0.000709849
229 229 0.00141656
230 229 -0.000706714
229 230 -0.000706714
230 230 0.00141032
231 230 -0.000703606
230 231 -0.000703606
231 231 0.00140352
232 231 -0.000699913
231 232 -0.000699913
232 232 0.00139647
233 232 -0.000696561
232 233 -0.000696561
233 233 0.0013901
234 233 -0.000693541
233 234 -0.000693541
234 234 0.00138409
235 234 -0.000690548
234 235 -0.000690548
235 235 0.00137783
236 235 -0.000687285
235 236 -0.000687285
236 236 0.00137105
237 236 -0.000683761
236 237 -0.000683761
237 237 0.00136432
238 237 -0.000680561
237 238 -0.000680561
238 238 0.00135795
239 238 -0.000677392
238 239 -0.000677392
239 239 0.00135164
240 239 -0.000674252
239 240 -0.000674252
240 240 0.00134539
241 240 -0.000671141
240 241 -0.000671141
241 241 0.0013392
242 241 -0.000668058
241 242 -0.000668058
242 242 0.00133279
243 242 -0.000664728
242 243 -0.000664728
243 243 0.00132643
244 243 -0.000661704
243 244 -0.000661704
244 244 0.00132041
245 244 -0.000658707
244 245 -0.000658707
245 245 0.00131418
246 245 -0.000655469
245 246 -0.000655469
246 246 0.001308
247 246 -0.000652529
246 247 -0.000652529
247 247 0.00130188
248 247 -0.000649351
247 248 -0.000649351
248 248 0.00129582
249 248 -0.000646465
248 249 -0.000646465
249 249 0.00128981
250 249 -0.000643345
249 250 -0.000643345
250 250 0.0012836
251 250 -0.000640256
250 251 -0.000640256
251 251 0.00127771
252 251 -0.00063745
251 252 -0.00063745
252 252 0.00127187
253 252 -0.000634417
252 253 -0.000634417
253 253 0.00126558
254 253 -0.000631164
253 254 -0.000631164
254 254 0.00125935
255 254 -0.00062819
254 255 -0.00062819
255 255 0.00125368
256 255 -0.000625489
255 256 -0.000625489
256 256 0.00124806
257 256 -0.000622568
256 257 -0.000622568
257 257 0.00124224
258 257 -0.000619675
257 258 -0.000619675
258 258 0.00123648
259 258 -0.000616808
258 259 -0.000616808
259 259 0.00123078
260 259 -0.000613968
259 260 -0.000613968
260 260 0.00122489
261 260 -0.00061092
260 261 -0.00061092
261 261 0.00121882
262 261 -0.000607903
261 262 -0.000607903
262 262 0.00121305
263 262 -0.000605144
262 263 -0.000605144
263 263 0.00120755
264 263 -0.00060241
263 264 -0.00060241
264 264 0.00120211
265 264 -0.0005997
264 265 -0.0005997
265 265 0.00119649
266 265 -0.000596792
265 266 -0.000596792
266 266 0.0011907
267 266 -0.000593912
266 267 -0.000593912
267 267 0.00118519
268 267 -0.000591279
267 268 -0.000591279
268 268 0.00117973
269 268 -0.000588452
268 269 -0.000588452
269 269 0.0011741
270 269 -0.000585652
269 270 -0.000585652
270 270 0.00116853
271 270 -0.000582878
270 271 -0.000582878
271 271 0.00116301
272 271 -0.000580131
271 272 -0.000580131
272 272 0.00115775
273 272 -0.000577617
272 273 -0.000577617
273 273 0.00115254
274 273 -0.000574919
273 274 -0.000574919
274 274 0.00114696
275 274 -0.000572041
274 275 -0.000572041
275 275 0.00114144
276 275 -0.000569395
275 276 -0.000569395
276 276 0.00113617
277 276 -0.000566773
276 277 -0.000566773
277 277 0.00113075
278 277 -0.000563976
277 278 -0.000563976
278 278 0.00112538
279 278 -0.000561404
278 279 -0.000561404
279 279 0.00112026
280 279 -0.000558854
279 280 -0.000558854
280 280 0.00111499
281 280 -0.000556135
280 281 -0.000556135
281 281 0.00110958
282 281 -0.000553442
281 282 -0.000553442
282 282 0.00110441
283 282 -0.000550964
282 283 -0.000550964
283 283 0.00109947
284 283 -0.000548509
283 284 -0.000548509
284 284 0.0010944
285 284 -0.000545889
284 285 -0.000545889
285 285 0.00108918
286 285 -0.000543294
285 286 -0.000543294
286 286 0.00108402
287 286 -0.000540723
286 287 -0.000540723
287 287 0.0010789
288 287 -0.000538177
287 288 -0.000538177
288 288 0.00107383
289 288 -0.000535655
288 289 -0.000535655
289 289 0.00106881
290 289 -0.000533156
289 290 -0.000533156
290 290 0.00106384
291 290 -0.00053068
290 291 -0.00053068
291 291 0.00105891
292 291 -0.000528227
291 292 -0.000528227
292 292 0.00105385
293 292 -0.000525624
292 293 -0.000525624
293 293 0.00104884
294 293 -0.000523218
293 294 -0.000523218
294 294 0.00104405
295 294 -0.000520833
294 295 -0.000520833
295 295 0.00103914
296 295 -0.000518303
295 296 -0.000518303
296 296 0.00103427
297 296 -0.000515963
296 297 -0.000515963
297 297 0.00102944
298 297 -0.000513479
297 298 -0.000513479
298 298 0.0010245
299 298 -0.000511019
298 299 -0.000511019
299 299 0.00101976
300 299 -0.000508744
299 300 -0.000508744
300 300 0.00101507
301 300 -0.000506329
300 301 -0.000506329
301 301 0.00101027
302 301 -0.000503937
301 302 -0.000503937
302 302 0.0010055
303 302 -0.000501567
302 303 -0.000501567
303 303 0.00100079
304 303 -0.00049922
303 304 -0.00049922
304 304 0.000996114
305 304 -0.000496894
304 305 -0.000496894
305 305 0.000991485
306 305 -0.00049459
305 306 -0.00049459
306 306 0.000986898
307 306 -0.000492308
306 307 -0.000492308
307 307 0.000982204
308 307 -0.000489896
307 308 -0.000489896
308 308 0.000977552
309 308 -0.000487656
308 309 -0.000487656
309 309 0.000973093
310 309 -0.000485437
309 310 -0.000485437
310 310 0.000968529
311 310 -0.000483092
310 311 -0.000483092
311 311 0.000963861
312 311 -0.000480769
311 312 -0.000480769
312 312 0.000959381
313 312 -0.000478612
312 313 -0.000478612
313 313 0.000954944
314 313 -0.000476332
313 314 -0.000476332
314 314 0.000950406
315 314 -0.000474074
314 315 -0.000474074
315 315 0.00094605
316 315 -0.000471976
315 316 -0.000471976
316 316 0.000941598
317 316 -0.000469621
316 317 -0.000469621
317 317 0.000937048
318 317 -0.000467426
317 318 -0.000467426
318 318 0.000932678
319 318 -0.000465252
318 319 -0.000465252
319 319 0.000928348
320 319 -0.000463097
319 320 -0.000463097
320 320 0.000924059
321 320 -0.000460962
320 321 -0.000460962
321 321 0.000919678
322 321 -0.000458716
321 322 -0.000458716
322 322 0.000915337
323 322 -0.000456621
322 323 -0.000456621
323 323 0.000911166
324 323 -0.000454545
323 324 -0.000454545
324 324 0.000906906
325 324 -0.000452361
324 325 -0.000452361
325 325 0.000902558
326 325 -0.000450197
325 326 -0.000450197
326 326 0.000898376
327 326 -0.000448179
326 327 -0.000448179
327 327 0.000894234
328 327 -0.000446055
327 328 -0.000446055
328 328 0.000889883
329 328 -0.000443828
328 329 -0.000443828
329 329 0.000885695
330 329 -0.000441867
329 330 -0.000441867
330 330 0.000881669
331 330 -0.000439802
330 331 -0.000439802
331 331 0.000877439
332 331 -0.000437637
331 332 -0.000437637
332 332 0.000873367
333 332 -0.00043573
332 333 -0.00043573
333 333 0.000869452
334 333 -0.000433722
333 334 -0.000433722
334 334 0.000865338
335 334 -0.000431616
334 335 -0.000431616
335 335 0.000861146
336 335 -0.00042953
335 336 -0.00042953
336 336 0.000857109
337 336 -0.000427579
336 337 -0.000427579
337 337 0.000853111
338 337 -0.000425532
337 338 -0.000425532
338 338 0.000849036
339 338 -0.000423504
338 339 -0.000423504
339 339 0.000845112
340 339 -0.000421607
339 340 -0.000421607
340 340 0.000841224
341 340 -0.000419617
340 341 -0.000419617
341 341 0.000837263
342 341 -0.000417646
341 342 -0.000417646
342 342 0.000833338
343 342 -0.000415692
342 343 -0.000415692
343 343 0.00082945
344 343 -0.000413757
343 344 -0.000413757
344 344 0.000825598
345 344 -0.00041184
344 345 -0.00041184
345 345 0.000821676
346 345 -0.000409836
345 346 -0.000409836
346 346 0.000817791
347 346 -0.000407955
346 347 -0.000407955
347 347 0.000814046
348 347 -0.000406091
347 348 -0.000406091
348 348 0.000810234
349 348 -0.000404142
348 349 -0.000404142
349 349 0.000806355
350 349 -0.000402212
349 350 -0.000402212
350 350 0.000802512
351 350 -0.0004003
350 351 -0.0004003
351 351 0.000798806
352 351 -0.000398506
351 352 -0.000398506
352 352 0.000795134
353 352 -0.000396629
352 353 -0.000396629
353 353 0.000791398
354 353 -0.000394769
353 354 -0.000394769
354 354 0.000787697
355 354 -0.000392927
354 355 -0.000392927
355 355 0.000783934
356 355 -0.000391007
355 356 -0.000391007
356 356 0.000780207
357 356 -0.0003892
356 357 -0.0003892
357 357 0.000776609
358 357 -0.000387409
357 358 -0.000387409
358 358 0.000773044
359 358 -0.000385635
358 359 -0.000385635
359 359 0.00076942
360 359 -0.000383785
359 360 -0.000383785
360 360 0.000765738
361 360 -0.000381953
360 361 -0.000381953
361 361 0.000762181
362 361 -0.000380228
361 362 -0.000380228
362 362 0.000758658
363 362 -0.00037843
362 363 -0.00037843
363 363 0.000755077
364 363 -0.000376648
363 364 -0.000376648
364 364 0.000751531
365 364 -0.000374883
364 365 -0.000374883
365 365 0.000748017
366 365 -0.000373134
365 366 -0.000373134
366 366 0.000744536
367 366 -0.000371402
366 367 -0.000371402
367 367 0.000741002
368 367 -0.0003696
367 368 -0.0003696
368 368 0.000737501
369 368 -0.000367901
368 369 -0.000367901
369 369 0.000734117
370 369 -0.000366217
369 370 -0.000366217
370 370 0.000730681
371 370 -0.000364465
370 371 -0.000364465
371 371 0.000727194
372 371 -0.00036273
371 372 -0.00036273
372 372 0.00072374
373 372 -0.000361011
372 373 -0.000361011
373 373 0.0007204
374 373 -0.000359389
373 374 -0.000359389
374 374 0.000717091
375 374 -0.000357702
374 375 -0.000357702
375 375 0.000713732
376 375 -0.00035603
375 376 -0.00035603
376 376 0.000710405
377 376 -0.000354374
376 377 -0.000354374
377 377 0.00070703
378 377 -0.000352656
377 378 -0.000352656
378 378 0.000703687
379 378 -0.000351031
378 379 -0.000351031
379 379 0.000700452
380 379 -0.000349421
379 380 -0.000349421
380 380 0.000697172
381 380 -0.00034775
380 381 -0.00034775
381 381 0.000693846
382 381 -0.000346096
381 382 -0.000346096
382 382 0.000690552
383 382 -0.000344456
382 383 -0.000344456
383 383 0.000687363
384 383 -0.000342906
383 384 -0.000342906
384 384 0.000684203
385 384 -0.000341297
384 385 -0.000341297
385 385 0.000680928
386 385 -0.000339631
385 386 -0.000339631
386 386 0.000677683
387 386 -0.000338052
386 387 -0.000338052
387 387 0.00067454
388 387 -0.000336488
387 388 -0.000336488
388 388 0.000671426
389 388 -0.000334938
388 389 -0.000334938
389 389 0.000668341
390 389 -0.000333403
389 390 -0.000333403
390 390 0.000665215
391 390 -0.000331813
390 391 -0.000331813
391 391 0.00066205
392 391 -0.000330237
391 392 -0.000330237
392 392 0.000658914
393 392 -0.000328677
392 393 -0.000328677
393 393 0.000655809
394 393 -0.000327131
393 394 -0.000327131
394 394 0.000652732
395 394 -0.0003256
394 395 -0.0003256
395 395 0.000649684
396 395 -0.000324083
395 396 -0.000324083
396 396 0.000646664
397 396 -0.000322581
396 397 -0.000322581
397 397 0.000643672
398 397 -0.000321092
397 398 -0.000321092
398 398 0.000640644
399 398 -0.000319553
398 399 -0.000319553
399 399 0.000637581
400 399 -0.000318028
399 400 -0.000318028
400 400 0.000634609
401 400 -0.000316581
400 401 -0.000316581
401 401 0.000631666
402 401 -0.000315085
401 402 -0.000315085
402 402 0.000628687
403 402 -0.000313603
402 403 -0.000313603
403 403 0.000625737
404 403 -0.000312134
403 404 -0.000312134
404 404 0.000622814
405 404 -0.00031068
404 405 -0.00031068
405 405 0.000619918
406 405 -0.000309239
405 406 -0.000309239
406 406 0.000617049
407 406 -0.000307811
406 407 -0.000307811
407 407 0.000614148
408 407 -0.000306337
407 408 -0.000306337
408 408 0.000611215
409 408 -0.000304878
408 409 -0.000304878
409 409 0.000608368
410 409 -0.00030349
409 410 -0.00030349
410 410 0.000605548
411 410 -0.000302058
410 411 -0.000302058
411 411 0.000602697
412 411 -0.000300639
411 412 -0.000300639
412 412 0.000599872
413 412 -0.000299233
412 413 -0.000299233
413 413 0.000597018
414 413 -0.000297785
413 414 -0.000297785
414 414 0.000594191
415 414 -0.000296406
414 415 -0.000296406
415 415 0.000591446
416 415 -0.00029504
415 416 -0.00029504
416 416 0.000588725
417 416 -0.000293686
416 417 -0.000293686
417 417 0.000585977
418 417 -0.000292291
417 418 -0.000292291
418 418 0.0005832
419 418 -0.000290909
418 419 -0.000290909
419 419 0.000580449
420 419 -0.00028954
419 420 -0.00028954
420 420 0.000577725
421 420 -0.000288184
420 421 -0.000288184
421 421 0.000575026
422 421 -0.000286841
421 422 -0.000286841
422 422 0.000572301
423 422 -0.000285459
422 423 -0.000285459
423 423 0.000569651
424 423 -0.000284192
423 424 -0.000284192
424 424 0.000567027
425 424 -0.000282835
424 425 -0.000282835
425 425 0.000564327
426 425 -0.000281492
425 426 -0.000281492
426 426 0.000561702
427 426 -0.00028021
426 427 -0.00028021
427 427 0.000559053
428 427 -0.000278843
427 428 -0.000278843
428 428 0.00055638
429 428 -0.000277537
428 429 -0.000277537
429 429 0.000553828
430 429 -0.000276291
429 430 -0.000276291
430 430 0.000551299
431 430 -0.000275009
430 431 -0.000275009
431 431 0.0005487
432 431 -0.000273691
431 432 -0.000273691
432 432 0.000546078
433 432 -0.000272387
432 433 -0.000272387
433 433 0.000543481
434 433 -0.000271095
433 434 -0.000271095
434 434 0.000540955
435 434 -0.00026986
434 435 -0.00026986
435 435 0.000538452
436 435 -0.000268592
435 436 -0.000268592
436 436 0.000535927
437 436 -0.000267335
436 437 -0.000267335
437 437 0.000533425
438 437 -0.00026609
437 438 -0.00026609
438 438 0.000530903
439 438 -0.000264813
438 439 -0.000264813
439 439 0.000528404
440 439 -0.000263591
439 440 -0.000263591
440 440 0.00052593
441 440 -0.000262338
440 441 -0.000262338
441 441 0.000523477
442 441 -0.000261139
441 442 -0.000261139
442 442 0.000521048
443 442 -0.000259909
442 443 -0.000259909
443 443 0.000518558
444 443 -0.000258649
443 444 -0.000258649
444 444 0.000516132
445 444 -0.000257483
444 445 -0.000257483
445 445 0.00051377
446 445 -0.000256287
445 446 -0.000256287
446 446 0.000511348
447 446 -0.000255061
446 447 -0.000255061
447 447 0.000508949
448 447 -0.000253888
447 448 -0.000253888
448 448 0.000506572
449 448 -0.000252685
448 449 -0.000252685
449 449 0.000504178
450 449 -0.000251493
449 450 -0.000251493
450 450 0.000501806
451 450 -0.000250313
450 451 -0.000250313
451 451 0.000499456
452 451 -0.000249144
451 452 -0.000249144
452 452 0.000497129
453 452 -0.000247985
452 453 -0.000247985
453 453 0.000494784
454 453 -0.000246799
453 454 -0.000246799
454 454 0.000492462
455 454 -0.000245663
454 455 -0.000245663
455 455 0.000490199
456 455 -0.000244536
455 456 -0.000244536
456 456 0.000487919
457 456 -0.000243383
456 457 -0.000243383
457 457 0.000485587
458 457 -0.000242204
457 458 -0.000242204
458 458 0.000483277
459 458 -0.000241073
458 459 -0.000241073
459 459 0.000481025
460 459 -0.000239952
459 460 -0.000239952
460 460 0.000478794
461 460 -0.000238842
460 461 -0.000238842
461 461 0.000476583
462 461 -0.000237741
461 462 -0.000237741
462 462 0.000474323
463 462 -0.000236581
462 463 -0.000236581
463 463 0.000472049
464 463 -0.000235467
463 464 -0.000235467
464 464 0.000469865
465 464 -0.000234398
464 465 -0.000234398
465 465 0.000467702
466 465 -0.000233304
465 466 -0.000233304
466 466 0.000465525
467 466 -0.000232221
466 467 -0.000232221
467 467 0.000463334
468 467 -0.000231114
467 468 -0.000231114
468 468 0.000461131
469 468 -0.000230017
468 469 -0.000230017
469 469 0.000458981
470 469 -0.000228964
469 470 -0.000228964
470 470 0.000456852
471 470 -0.000227888
470 471 -0.000227888
471 471 0.000454677
472 471 -0.00022679
471 472 -0.00022679
472 472 0.000452523
473 472 -0.000225734
472 473 -0.000225734
473 473 0.000450421
474 473 -0.000224688
473 474 -0.000224688
474 474 0.000448339
475 474 -0.000223651
474 475 -0.000223651
475 475 0.000446244
476 475 -0.000222593
475 476 -0.000222593
476 476 0.000444138
477 476 -0.000221545
476 477 -0.000221545
477 477 0.000442052
478 477 -0.000220507
477 478 -0.000220507
478 478 0.000439986
479 478 -0.000219479
478 479 -0.000219479
479 479 0.000437939
480 479 -0.00021846
479 480 -0.00021846
480 480 0.000435881
481 480 -0.000217421
480 481 -0.000217421
481 481 0.000433842
482 481 -0.000216421
481 482 -0.000216421
482 482 0.000431822
483 482 -0.000215401
482 483 -0.000215401
483 483 0.000429763
484 483 -0.000214362
483 484 -0.000214362
484 484 0.000427724
485 484 -0.000213362
484 485 -0.000213362
485 485 0.000425761
486 485 -0.000212399
485 486 -0.000212399
486 486 0.000423787
487 486 -0.000211389
486 487 -0.000211389
487 487 0.000421776
488 487 -0.000210388
487 488 -0.000210388
488 488 0.000419785
489 488 -0.000209397
488 489 -0.000209397
489 489 0.000417811
490 489 -0.000208415
489 490 -0.000208415
490 490 0.000415884
491 490 -0.000207469
490 491 -0.000207469
491 491 0.000413947
492 491 -0.000206478
491 492 -0.000206478
492 492 0.000411975
493 492 -0.000205497
492 493 -0.000205497
493 493 0.000410048
494 493 -0.000204551
493 494 -0.000204551
494 494 0.00040814
495 494 -0.000203588
494 495 -0.000203588
495 495 0.000406222
496 495 -0.000202634
495 496 -0.000202634
496 496 0.000404323
497 496 -0.000201689
496 497 -0.000201689
497 497 0.000402442
498 497 -0.000200753
497 498 -0.000200753
498 498 0.000400553
499 498 -0.0001998
498 499 -0.0001998
499 499 0.000398657
500 499 -0.000198857
499 500 -0.000198857
500 500 0.000396803
501 500 -0.000197946
500 501 -0.000197946
501 501 0.000394942
502 501 -0.000196996
501 502 -0.000196996
502 502 0.000393074
503 502 -0.000196078
502 503 -0.000196078
503 503 0.000391248
504 503 -0.00019517
503 504 -0.00019517
504 504 0.000389415
505 504 -0.000194245
504 505 -0.000194245
505 505 0.000387576
506 505 -0.00019333
505 506 -0.00019333
506 506 0.000385753
507 506 -0.000192423
506 507 -0.000192423
507 507 0.000383971
508 507 -0.000191548
507 508 -0.000191548
508 508 0.000382183
509 508 -0.000190635
508 509 -0.000190635
509 509 0.000380366
510 509 -0.000189731
509 510 -0.000189731
510 510 0.000378588
511 510 -0.000188857
510 511 -0.000188857
511 511 0.000376827
512 511 -0.00018797
511 512 -0.00018797
512 512 0.000375061
513 512 -0.000187091
512 513 -0.000187091
513 513 0.00037331
514 513 -0.00018622
513 514 -0.00018622
514 514 0.000371555
515 514 -0.000185335
514 515 -0.000185335
515 515 0.000369795
516 515 -0.000184459
515 516 -0.000184459
516 516 0.000368072
517 516 -0.000183613
516 517 -0.000183613
517 517 0.000366365
518 517 -0.000182753
517 518 -0.000182753
518 518 0.000364633
519 518 -0.00018188
518 519 -0.00018188
519 519 0.000362917
520 519 -0.000181036
519 520 -0.000181036
520 520 0.000361237
521 520 -0.0001802
520 521 -0.0001802
521 521 0.000359532
522 521 -0.000179332
521 522 -0.000179332
522 522 0.000357824
523 522 -0.000178492
522 523 -0.000178492
523 523 0.000356171
524 523 -0.000177679
523 524 -0.000177679
524 524 0.000354514
525 524 -0.000176835
524 525 -0.000176835
525 525 0.000352833
526 525 -0.000175998
525 526 -0.000175998
526 526 0.000351187
527 526 -0.000175189
526 527 -0.000175189
527 527 0.000349557
528 527 -0.000174368
527 528 -0.000174368
528 528 0.000347904
529 528 -0.000173536
528 529 -0.000173536
529 529 0.000346266
530 529 -0.00017273
529 530 -0.00017273
530 530 0.000344662
531 530 -0.000171932
530 531 -0.000171932
531 531 0.000343055
532 531 -0.000171123
531 532 -0.000171123
532 532 0.000341444
533 532 -0.000170321
532 533 -0.000170321
533 533 0.000339831
534 533 -0.000169509
533 534 -0.000169509
534 534 0.000338232
535 534 -0.000168723
534 535 -0.000168723
535 535 0.000336667
536 535 -0.000167944
535 536 -0.000167944
536 536 0.00033508
537 536 -0.000167137
536 537 -0.000167137
537 537 0.000333491
538 537 -0.000166355
537 538 -0.000166355
538 538 0.000331935
539 538 -0.00016558
538 539 -0.00016558
539 539 0.000330393
540 539 -0.000164813
539 540 -0.000164813
540 540 0.000328848
541 540 -0.000164035
540 541 -0.000164035
541 541 0.000327301
542 541 -0.000163265
541 542 -0.000163265
542 542 0.000325768
543 542 -0.000162503
542 543 -0.000162503
543 543 0.000324233
544 543 -0.000161731
543 544 -0.000161731
544 544 0.000322713
545 544 -0.000160982
544 545 -0.000160982
545 545 0.000321222
546 545 -0.00016024
545 546 -0.00016024
546 546 0.000319714
547 546 -0.000159474
546 547 -0.000159474
547 547 0.000318204
548 547 -0.00015873
547 548 -0.00015873
548 548 0.000316724
549 548 -0.000157993
548 549 -0.000157993
549 549 0.000315226
550 549 -0.000157233
549 550 -0.000157233
550 550 0.000313788
551 550 -0.000156556
550 551 -0.000156556
551 551 0.000312349
552 551 -0.000155794
551 552 -0.000155794
552 552 0.000310832
553 552 -0.000155039
552 553 -0.000155039
553 553 0.00030933
554 553 -0.000154291
553 554 -0.000154291
554 554 0.000307842
555 554 -0.000153551
554 555 -0.000153551
555 555 0.000306515
556 555 -0.000152964
555 556 -0.000152964
556 556 0.0003052
557 556 -0.000152236
556 557 -0.000152236
557 557 0.000303608
558 557 -0.000151372
557 558 -0.000151372
558 558 0.000302031
559 558 -0.000150659
558 559 -0.000150659
559 559 0.000300753
560 559 -0.000150094
559 560 -0.000150094
560 560 0.000299487
561 560 -0.000149393
560 561 -0.000149393
561 561 0.000297954
562 561 -0.000148561
561 562 -0.000148561
562 562 0.000296435
563 562 -0.000147874
562 563 -0.000147874
563 563 0.000295068
564 563 -0.000147194
563 564 -0.000147194
564 564 0.000293714
565 564 -0.00014652
564 565 -0.00014652
565 565 0.000292506
566 565 -0.000145985
565 566 -0.000145985
566 566 0.000291176
567 566 -0.000145191
566 567 -0.000145191
567 567 0.000289595
568 567 -0.000144404
567 568 -0.000144404
568 568 0.000288289
569 568 -0.000143885
568 569 -0.000143885
569 569 0.000287126
570 569 -0.000143241
569 570 -0.000143241
570 570 0.000285716
571 570 -0.000142476
570 571 -0.000142476
571 571 0.000284194
572 571 -0.000141718
571 572 -0.000141718
572 572 0.000282812
573 572 -0.000141093
572 573 -0.000141093
573 573 0.000281568
574 573 -0.000140474
573 574 -0.000140474
574 574 0.000280334
575 574 -0.00013986
574 575 -0.00013986
575 575 0.000279112
576 575 -0.000139252
575 576 -0.000139252
576 576 0.00027778
577 576 -0.000138528
576 577 -0.000138528
577 577 0.00027634
578 577 -0.000137812
577 578 -0.000137812
578 578 0.000275034
579 578 -0.000137221
578 579 -0.000137221
579 579 0.000273857
580 579 -0.000136635
579 580 -0.000136635
580 580 0.000272574
581 580 -0.000135939
580 581 -0.000135939
581 581 0.000271188
582 581 -0.000135249
581 582 -0.000135249
582 582 0.00026993
583 582 -0.00013468
582 583 -0.00013468
583 583 0.000268796
584 583 -0.000134116
583 584 -0.000134116
584 584 0.00026756
585 584 -0.000133445
584 585 -0.000133445
585 585 0.000266225
586 585 -0.00013278
585 586 -0.00013278
586 586 0.000264902
587 586 -0.000132122
586 587 -0.000132122
587 587 0.000263593
588 587 -0.000131471
587 588 -0.000131471
588 588 0.000262404
589 588 -0.000130933
588 589 -0.000130933
589 589 0.000261332
590 589 -0.000130399
589 590 -0.000130399
590 590 0.000260059
591 590 -0.00012966
590 591 -0.00012966
591 591 0.000258692
592 591 -0.000129032
591 592 -0.000129032
592 592 0.000257546
593 592 -0.000128514
592 593 -0.000128514
593 593 0.000256412
594 593 -0.000127898
593 594 -0.000127898
594 594 0.000255185
595 594 -0.000127287
594 595 -0.000127287
595 595 0.00025397
596 595 -0.000126683
595 596 -0.000126683
596 596 0.000252766
597 596 -0.000126084
596 597 -0.000126084
597 597 0.000251672
598 597 -0.000125589
597 598 -0.000125589
598 598 0.000250589
599 598 -0.000125
598 599 -0.000125
599 599 0.00024932
600 599 -0.00012432
599 600 -0.00012432
600 600 0.000248063
601 600 -0.000123743
600 601 -0.000123743
601 601 0.000246915
602 601 -0.000123172
601 602 -0.000123172
602 602 0.000245777
603 602 -0.000122605
602 603 -0.000122605
603 603 0.00024465
604 603 -0.000122044
603 604 -0.000122044
604 604 0.00024344
605 604 -0.000121396
604 605 -0.000121396
605 605 0.000242242
606 605 -0.000120846
605 606 -0.000120846
606 606 0.000241147
607 606 -0.000120301
606 607 -0.000120301
607 607 0.000240061
608 607 -0.00011976
607 608 -0.00011976
608 608 0.000238986
609 608 -0.000119225
608 609 -0.000119225
609 609 0.000237831
610 609 -0.000118606
609 610 -0.000118606
610 610 0.000236688
611 610 -0.000118081
610 611 -0.000118081
611 611 0.000235642
612 611 -0.000117561
611 612 -0.000117561
612 612 0.00023452
613 612 -0.000116959
612 613 -0.000116959
613 613 0.000233407
614 613 -0.000116448
613 614 -0.000116448
614 614 0.00023239
615 614 -0.000115942
614 615 -0.000115942
615 615 0.000231216
616 615 -0.000115274
615 616 -0.000115274
616 616 0.000230051
617 616 -0.000114778
616 617 -0.000114778
617 617 0.000229063
618 617 -0.000114286
617 618 -0.000114286
618 618 0.000228003
619 618 -0.000113717
618 619 -0.000113717
619 619 0.000226871
620 619 -0.000113154
619 620 -0.000113154
620 620 0.00022583
621 620 -0.000112676
620 621 -0.000112676
621 621 0.000224878
622 621 -0.000112202
621 622 -0.000112202
622 622 0.000223778
623 622 -0.000111576
622 623 -0.000111576
623 623 0.00022261
624 623 -0.000111034
623 624 -0.000111034
624 624 0.000221608
625 624 -0.000110574
624 625 -0.000110574
625 625 0.000220615
626 625 -0.000110041
625 626 -0.000110041
626 626 0.000219555
627 626 -0.000109514
626 627 -0.000109514
627 627 0.00021858
628 627 -0.000109066
627 628 -0.000109066
628 628 0.000217614
629 628 -0.000108548
628 629 -0.000108548
629 629 0.00021651
630 629 -0.000107962
629 630 -0.000107962
630 630 0.000215417
631 630 -0.000107455
630 631 -0.000107455
631 631 0.000214478
632 631 -0.000107023
631 632 -0.000107023
632 632 0.000213548
633 632 -0.000106525
632 633 -0.000106525
633 633 0.000212485
634 633 -0.00010596
633 634 -0.00010596
634 634 0.000211432
635 634 -0.000105471
634 635 -0.000105471
635 635 0.000210458
636 635 -0.000104987
635 636 -0.000104987
636 636 0.000209494
637 636 -0.000104507
636 637 -0.000104507
637 637 0.000208538
638 637 -0.000104031
637 638 -0.000104031
638 638 0.000207524
639 638 -0.000103493
638 639 -0.000103493
639 639 0.000206519
640 639 -0.000103026
639 640 -0.000103026
640 640 0.000205591
641 640 -0.000102564
640 641 -0.000102564
641 641 0.00020467
642 641 -0.000102106
641 642 -0.000102106
642 642 0.000203758
643 642 -0.000101652
642 643 -0.000101652
643 643 0.00020279
644 643 -0.000101138
643 644 -0.000101138
644 644 0.000201767
645 644 -0.000100629
644 645 -0.000100629
645 645 0.000200817
646 645 -0.000100188
645 646 -0.000100188
646 646 0.000199876
647 646 -9.96885e-05
646 647 -9.96885e-05
647 647 0.000198883
648 647 -9.9194e-05
647 648 -9.9194e-05
648 648 0.00019802
649 648 -9.88264e-05
648 649 -9.88264e-05
649 649 0.000197167
650 649 -9.83405e-05
649 650 -9.83405e-05
650 650 0.0001962
651 650 -9.78593e-05
650 651 -9.78593e-05
651 651 0.000195242
652 651 -9.73828e-05
651 652 -9.73828e-05
652 652 0.000194294
653 652 -9.6911e-05
652 653 -9.6911e-05
653 653 0.000193413
654 653 -9.65018e-05
653 654 -9.65018e-05
654 654 0.00019254
655 654 -9.60384e-05
654 655 -9.60384e-05
655 655 0.000191618
656 655 -9.55795e-05
655 656 -9.55795e-05
656 656 0.000190704
657 656 -9.51249e-05
656 657 -9.51249e-05
657 657 0.000189799
658 657 -9.46746e-05
657 658 -9.46746e-05
658 658 0.000188959
659 658 -9.4284e-05
658 659 -9.4284e-05
659 659 0.000188126
660 659 -9.38416e-05
659 660 -9.38416e-05
660 660 0.000187191
661 660 -9.33489e-05
660 661 -9.33489e-05
661 661 0.000186264
662 661 -9.29152e-05
661 662 -9.29152e-05
662 662 0.000185401
663 662 -9.24855e-05
662 663 -9.24855e-05
663 663 0.000184545
664 663 -9.20598e-05
663 664 -9.20598e-05
664 664 0.000183698
665 664 -9.1638e-05
664 665 -9.1638e-05
665 665 0.000182858
666 665 -9.12201e-05
665 666 -9.12201e-05
666 666 0.000181974
667 666 -9.07544e-05
666 667 -9.07544e-05
667 667 0.000181099
668 667 -9.03444e-05
667 668 -9.03444e-05
668 668 0.000180283
669 668 -8.99382e-05
668 669 -8.99382e-05
669 669 0.000179424
670 669 -8.94855e-05
