0 0 0.0178948
1 0 -0.00595559
0 1 -0.00595559
1 1 0.0118833
2 1 -0.00592768
1 2 -0.00592768
2 2 0.0118277
3 2 -0.00589999
2 3 -0.00589999
3 3 0.0117725
4 3 -0.00587251
3 4 -0.00587251
4 4 0.0117177
5 4 -0.00584518
4 5 -0.00584518
5 5 0.0116632
6 5 -0.00581805
5 6 -0.00581805
6 6 0.0116093
7 6 -0.00579124
6 7 -0.00579124
7 7 0.0115559
8 7 -0.00576465
7 8 -0.00576465
8 8 0.0115031
9 8 -0.00573842
8 9 -0.00573842
9 9 0.0114509
10 9 -0.00571246
9 10 -0.00571246
10 10 0.0113991
11 10 -0.00568668
10 11 -0.00568668
11 11 0.0113482
12 11 -0.0056615
11 12 -0.0056615
12 12 0.0112982
13 12 -0.0056367
12 13 -0.0056367
13 13 0.0112487
14 13 -0.005612
13 14 -0.005612
14 14 0.0112
15 14 -0.00558797
14 15 -0.00558797
15 15 0.0111525
16 15 -0.00556457
15 16 -0.00556457
16 16 0.0111058
17 16 -0.00554123
16 17 -0.00554123
17 17 0.0110596
18 17 -0.00551841
17 18 -0.00551841
18 18 0.0110148
19 18 -0.00549643
18 19 -0.00549643
19 19 0.0109714
20 19 -0.005475
19 20 -0.005475
20 20 0.0109287
21 20 -0.00545368
20 21 -0.00545368
21 21 0.0108867
22 21 -0.00543302
21 22 -0.00543302
22 22 0.0108465
23 22 -0.00541344
22 23 -0.00541344
23 23 0.0108077
24 23 -0.00539428
23 24 -0.00539428
24 24 0.0107695
25 24 -0.00537523
24 25 -0.00537523
25 25 0.0107324
26 25 -0.00535718
25 26 -0.00535718
26 26 0.0106974
27 26 -0.00534022
26 27 -0.00534022
27 27 0.0106643
28 27 -0.00532404
27 28 -0.00532404
28 28 0.010632
29 28 -0.00530799
28 29 -0.00530799
29 29 0.0105997
30 29 -0.00529176
29 30 -0.00529176
30 30 0.0105698
31 30 -0.00527804
30 31 -0.00527804
31 31 0.0105432
32 31 -0.00526518
31 32 -0.00526518
32 32 0.0105169
33 32 -0.00525169
32 33 -0.00525169
33 33 0.0104908
34 33 -0.00523909
33 34 -0.00523909
34 34 0.0104667
35 34 -0.00522759
34 35 -0.00522759
35 35 0.0104458
36 35 -0.00521826
35 36 -0.00521826
36 36 0.0104276
37 36 -0.0052093
36 37 -0.0052093
37 37 0.0104088
38 37 -0.00519953
37 38 -0.00519953
38 38 0.0103903
39 38 -0.00519073
38 39 -0.00519073
39 39 0.0103743
40 39 -0.00518356
39 40 -0.00518356
40 40 0.010362
41 40 -0.00517847
40 41 -0.00517847
41 41 0.0103524
42 41 -0.00517394
41 42 -0.00517394
42 42 0.0103427
43 42 -0.00516874
42 43 -0.00516874
43 43 0.0103324
44 43 -0.00516369
43 44 -0.00516369
44 44 0.0103238
45 44 -0.00516009
44 45 -0.00516009
45 45 0.0103206
46 45 -0.00516056
45 46 -0.00516056
46 46 0.0103224
47 46 -0.00516186
46 47 -0.00516186
47 47 0.0103226
48 47 -0.00516078
47 48 -0.00516078
48 48 0.0103201
49 48 -0.00515928
48 49 -0.00515928
49 49 0.0103189
50 49 -0.00515958
49 50 -0.00515958
50 50 0.0103245
51 50 -0.00516493
50 51 -0.00516493
51 51 0.0103369
52 51 -0.00517196
51 52 -0.00517196
52 52 0.0103486
53 52 -0.00517668
52 53 -0.00517668
53 53 0.0103564
54 53 -0.00517975
53 54 -0.00517975
54 54 0.0103617
55 54 -0.00518193
54 55 -0.00518193
55 55 0.0103712
56 55 -0.00518929
55 56 -0.00518929
56 56 0.0103939
57 56 -0.00520458
56 57 -0.00520458
57 57 0.0104224
58 57 -0.00521784
57 58 -0.00521784
58 58 0.0104431
59 58 -0.00522526
58 59 -0.00522526
59 59 0.010457
60 59 -0.00523178
59 60 -0.00523178
60 60 0.0104702
61 60 -0.00523838
60 61 -0.00523838
61 61 0.0104919
62 61 -0.00525349
61 62 -0.00525349
62 62 0.0105331
63 62 -0.00527956
62 63 -0.00527956
63 63 0.0105783
64 63 -0.00529874
63 64 -0.00529874
64 64 0.0106077
65 64 -0.00530896
64 65 -0.00530896
65 65 0.010628
66 65 -0.00531903
65 66 -0.00531903
66 66 0.0106481
67 66 -0.00532908
66 67 -0.00532908
67 67 0.0106802
68 67 -0.00535113
67 68 -0.00535113
68 68 0.0107396
69 68 -0.00538849
68 69 -0.00538849
69 69 0.0108042
70 69 -0.00541574
69 70 -0.00541574
70 70 0.0108452
71 70 -0.00542948
70 71 -0.00542948
71 71 0.0108721
72 71 -0.00544261
71 72 -0.00544261
72 72 0.0108972
73 72 -0.00545462
72 73 -0.00545462
73 73 0.0109367
74 73 -0.00548211
73 74 -0.00548211
74 74 0.0110121
75 74 -0.00552997
74 75 -0.00552997
75 75 0.0110988
76 75 -0.00556883
75 76 -0.00556883
76 76 0.0111571
77 76 -0.00558823
76 77 -0.00558823
77 77 0.0111913
78 77 -0.00560309
77 78 -0.00560309
78 78 0.0112212
79 78 -0.00561809
78 79 -0.00561809
79 79 0.0112633
80 79 -0.00564523
79 80 -0.00564523
80 80 0.0113444
81 80 -0.0056992
80 81 -0.0056992
81 81 0.011456
82 81 -0.00575682
81 82 -0.00575682
82 82 0.0115448
83 82 -0.00578796
82 83 -0.00578796
83 83 0.0115919
84 83 -0.00580392
83 84 -0.00580392
84 84 0.0116246
85 84 -0.00582068
84 85 -0.00582068
85 85 0.0116601
86 85 -0.00583945
85 86 -0.00583945
86 86 0.0117323
87 86 -0.00589287
86 87 -0.00589287
87 87 0.0118715
88 87 -0.00597863
87 88 -0.00597863
88 88 0.012009
89 88 -0.00603035
88 89 -0.00603035
89 89 0.0120783
90 89 -0.00604797
89 90 -0.00604797
90 90 0.0121132
91 90 -0.00606523
90 91 -0.00606523
91 91 0.0121471
92 91 -0.00608184
91 92 -0.00608184
92 92 0.0122051
93 92 -0.00612328
92 93 -0.00612328
93 93 0.0123353
94 93 -0.00621202
93 94 -0.00621202
94 94 0.0125093
95 94 -0.00629729
94 95 -0.00629729
95 95 0.0126335
96 95 -0.00633618
95 96 -0.00633618
96 96 0.0126896
97 96 -0.00635345
96 97 -0.00635345
97 97 0.0127234
98 97 -0.00636991
97 98 -0.00636991
98 98 0.0127569
99 98 -0.00638695
98 99 -0.00638695
99 99 0.0128463
100 99 -0.00645938
99 100 -0.00645938
100 100 0.013052
101 100 -0.00659264
100 101 -0.00659264
101 101 0.013264
102 101 -0.00667134
101 102 -0.00667134
102 102 0.0133606
103 102 -0.00668927
102 103 -0.00668927
103 103 0.0133946
104 103 -0.00670537
103 104 -0.00670537
104 104 0.0134267
105 104 -0.0067213
104 105 -0.0067213
105 105 0.0134806
106 105 -0.00675932
105 106 -0.00675932
106 106 0.0136269
107 106 -0.00686762
106 107 -0.00686762
107 107 0.0138747
108 107 -0.00700709
107 108 -0.00700709
108 108 0.0140825
109 108 -0.00707541
108 109 -0.00707541
109 109 0.014165
110 109 -0.00708962
109 110 -0.00708962
110 110 0.0141936
111 110 -0.00710396
110 111 -0.00710396
111 111 0.0142225
112 111 -0.00711858
111 112 -0.00711858
112 112 0.0143015
113 112 -0.00718297
112 113 -0.00718297
113 113 0.0145194
114 113 -0.00733648
113 114 -0.00733648
114 114 0.0148124
115 114 -0.00747592
114 115 -0.00747592
115 115 0.0150016
116 115 -0.00752566
115 116 -0.00752566
116 116 0.0150638
117 116 -0.0075381
116 117 -0.0075381
117 117 0.0150883
118 117 -0.00755024
117 118 -0.00755024
118 118 0.0151128
119 118 -0.00756256
118 119 -0.00756256
119 119 0.0152213
120 119 -0.00765871
119 120 -0.00765871
120 120 0.0155209
121 120 -0.00786215
120 121 -0.00786215
121 121 0.0158604
122 121 -0.0079982
121 122 -0.0079982
122 122 0.0160232
123 122 -0.00802504
122 123 -0.00802504
123 123 0.0160591
124 123 -0.00803411
123 124 -0.00803411
124 124 0.0160779
125 124 -0.00804376
124 125 -0.00804376
125 125 0.0161032
126 125 -0.00805948
125 126 -0.00805948
126 126 0.0162513
127 126 -0.00819181
126 127 -0.00819181
127 127 0.0166305
128 127 -0.00843872
127 128 -0.00843872
128 128 0.017006
129 128 -0.00856728
128 129 -0.00856728
129 129 0.0171408
130 129 -0.00857356
129 130 -0.00857356
130 130 0.0171527
131 130 -0.00857915
130 131 -0.00857915
131 131 0.0171638
132 131 -0.0085846
131 132 -0.0085846
132 132 0.0172057
133 132 -0.00862107
132 133 -0.00862107
133 133 0.0174153
134 133 -0.00879421
133 134 -0.00879421
134 134 0.017844
135 134 -0.00904977
134 135 -0.00904977
135 135 0.0182169
136 135 -0.00916718
135 136 -0.00916718
136 136 0.0183359
137 136 -0.0091687
136 137 -0.0091687
137 137 0.0183392
138 137 -0.00917054
137 138 -0.00917054
138 138 0.0183437
139 138 -0.0091732
138 139 -0.0091732
139 139 0.0184077
140 139 -0.00923449
139 140 -0.00923449
140 140 0.0186868
141 140 -0.00945232
140 141 -0.00945232
141 141 0.0191648
142 141 -0.00971247
141 142 -0.00971247
142 142 0.0195264
143 142 -0.00981389
142 143 -0.00981389
143 143 0.0196251
144 143 -0.00981121
143 144 -0.00981121
144 144 0.0196209
145 144 -0.00980965
144 145 -0.00980965
145 145 0.0196173
146 145 -0.00980764
145 146 -0.00980764
146 146 0.0197046
147 146 -0.00989694
146 147 -0.00989694
147 147 0.0200634
148 147 -0.0101665
147 148 -0.0101665
148 148 0.0205945
149 148 -0.010428
148 149 -0.010428
149 149 0.0209349
150 149 -0.0105069
149 150 -0.0105069
150 150 0.0210055
151 150 -0.0104986
150 151 -0.0104986
151 151 0.0209895
152 151 -0.0104908
151 152 -0.0104908
152 152 0.0209751
153 152 -0.0104843
152 153 -0.0104843
153 153 0.0210961
154 153 -0.0106119
153 154 -0.0106119
154 154 0.0215519
155 154 -0.01094
154 155 -0.01094
155 155 0.0221325
156 155 -0.0111925
155 156 -0.0111925
156 156 0.0224333
157 156 -0.0112408
156 157 -0.0112408
157 157 0.022469
158 157 -0.0112282
157 158 -0.0112282
158 158 0.0224453
159 158 -0.0112171
158 159 -0.0112171
159 159 0.0224226
160 159 -0.0112055
159 160 -0.0112055
160 160 0.022579
161 160 -0.0113736
160 161 -0.0113736
161 161 0.0231408
162 161 -0.0117673
161 162 -0.0117673
162 162 0.0237747
163 162 -0.0120074
162 163 -0.0120074
163 163 0.0240257
164 163 -0.0120183
163 164 -0.0120183
164 164 0.0240166
165 164 -0.0119984
164 165 -0.0119984
165 165 0.0239792
166 165 -0.0119808
165 166 -0.0119808
166 166 0.0239585
167 166 -0.0119777
166 167 -0.0119777
167 167 0.0241784
168 167 -0.0122007
167 168 -0.0122007
168 168 0.0248449
169 168 -0.0126442
168 169 -0.0126442
169 169 0.0254996
170 169 -0.0128554
169 170 -0.0128554
170 170 0.0256785
171 170 -0.0128231
170 171 -0.0128231
171 171 0.0256231
172 171 -0.0128
171 172 -0.0128
172 172 0.0255841
173 172 -0.0127841
172 173 -0.0127841
173 173 0.0256088
174 173 -0.0128246
173 174 -0.0128246
174 174 0.0259304
175 174 -0.0131058
174 175 -0.0131058
175 175 0.0266371
176 175 -0.0135313
175 176 -0.0135313
176 176 0.0272362
177 176 -0.0137049
176 177 -0.0137049
177 177 0.0273738
178 177 -0.0136689
177 178 -0.0136689
178 178 0.0273122
179 178 -0.0136432
178 179 -0.0136432
179 179 0.0272614
180 179 -0.0136182
179 180 -0.0136182
180 180 0.0273333
181 180 -0.0137151
180 181 -0.0137151
181 181 0.0277931
182 181 -0.0140779
181 182 -0.0140779
182 182 0.0285442
183 182 -0.0144663
182 183 -0.0144663
183 183 0.0290514
184 183 -0.0145851
183 184 -0.0145851
184 184 0.0291304
185 184 -0.0145453
184 185 -0.0145453
185 185 0.0290535
186 185 -0.0145082
185 186 -0.0145082
186 186 0.0289865
187 186 -0.0144783
186 187 -0.0144783
187 187 0.0291288
188 187 -0.0146506
187 188 -0.0146506
188 188 0.0297612
189 188 -0.0151106
188 189 -0.0151106
189 189 0.0305502
190 189 -0.0154396
189 190 -0.0154396
190 190 0.0309274
191 190 -0.0154878
190 191 -0.0154878
191 191 0.0309332
192 191 -0.0154454
191 192 -0.0154454
192 192 0.0308483
193 192 -0.0154029
192 193 -0.0154029
193 193 0.0307686
194 193 -0.0153657
193 194 -0.0153657
194 194 0.0309906
195 194 -0.0156249
194 195 -0.0156249
195 195 0.0318171
196 195 -0.0161921
195 196 -0.0161921
196 196 0.0326502
197 196 -0.0164581
196 197 -0.0164581
197 197 0.0328672
198 197 -0.0164091
197 198 -0.0164091
198 198 0.0327669
199 198 -0.0163578
198 199 -0.0163578
199 199 0.0326781
200 199 -0.0163203
199 200 -0.0163203
200 200 0.0326928
201 200 -0.0163726
200 201 -0.0163726
201 201 0.0331084
202 201 -0.0167358
201 202 -0.0167358
202 202 0.0339573
203 202 -0.0172215
202 203 -0.0172215
203 203 0.0346172
204 203 -0.0173957
203 204 -0.0173957
204 204 0.0347447
205 204 -0.017349
204 205 -0.017349
205 205 0.034642
206 205 -0.0172931
205 206 -0.0172931
206 206 0.0345331
207 206 -0.01724
206 207 -0.01724
207 207 0.0346412
208 207 -0.0174012
207 208 -0.0174012
208 208 0.0353048
209 208 -0.0179036
208 209 -0.0179036
209 209 0.0362033
210 209 -0.0182997
209 210 -0.0182997
210 210 0.0366429
211 210 -0.0183432
210 211 -0.0183432
211 211 0.0366359
212 211 -0.0182927
211 212 -0.0182927
212 212 0.0365269
213 212 -0.0182343
212 213 -0.0182343
213 213 0.0364249
214 213 -0.0181906
213 214 -0.0181906
214 214 0.0366926
215 214 -0.018502
214 215 -0.018502
215 215 0.0376106
216 215 -0.0191086
215 216 -0.0191086
216 216 0.0384699
217 216 -0.0193613
216 217 -0.0193613
217 217 0.0386589
218 217 -0.0192976
217 218 -0.0192976
218 218 0.0385284
219 218 -0.0192307
218 219 -0.0192307
219 219 0.0383864
220 219 -0.0191557
219 220 -0.0191557
220 220 0.0384369
221 220 -0.0192813
220 221 -0.0192813
221 221 0.0390349
222 221 -0.0197537
221 222 -0.0197537
222 222 0.0399598
223 222 -0.0202061
222 223 -0.0202061
223 223 0.0405136
224 223 -0.0203075
223 224 -0.0203075
224 224 0.0405388
225 224 -0.0202313
224 225 -0.0202313
225 225 0.0403987
226 225 -0.0201674
225 226 -0.0201674
226 226 0.040276
227 226 -0.0201086
226 227 -0.0201086
227 227 0.0404941
228 227 -0.0203856
227 228 -0.0203856
228 228 0.0414058
229 228 -0.0210202
228 229 -0.0210202
229 229 0.0423388
230 229 -0.0213186
229 230 -0.0213186
230 230 0.0425646
231 230 -0.021246
230 231 -0.021246
231 231 0.0424031
232 231 -0.021157
231 232 -0.021157
232 232 0.0422381
233 232 -0.0210811
232 233 -0.0210811
233 233 0.0422901
234 233 -0.021209
233 234 -0.021209
234 234 0.042915
235 234 -0.021706
234 235 -0.021706
235 235 0.0438621
236 235 -0.0221561
235 236 -0.0221561
236 236 0.0443823
237 236 -0.0222262
236 237 -0.0222262
237 237 0.0443728
238 237 -0.0221466
237 238 -0.0221466
238 238 0.0442124
239 238 -0.0220658
238 239 -0.0220658
239 239 0.0441045
240 239 -0.0220388
239 240 -0.0220388
240 240 0.0444131
241 240 -0.0223743
240 241 -0.0223743
241 241 0.045351
242 241 -0.0229767
241 242 -0.0229767
242 242 0.0461852
243 242 -0.0232085
242 243 -0.0232085
243 243 0.0463275
244 243 -0.023119
243 244 -0.023119
244 244 0.0461491
245 244 -0.0230301
244 245 -0.0230301
245 245 0.0459709
246 245 -0.0229408
245 246 -0.0229408
246 246 0.0460863
247 246 -0.0231454
246 247 -0.0231454
247 247 0.0468588
248 247 -0.0237133
247 248 -0.0237133
248 248 0.0477989
249 248 -0.0240855
248 249 -0.0240855
249 249 0.0481572
250 249 -0.0240717
249 250 -0.0240717
250 250 0.0480457
251 250 -0.023974
250 251 -0.023974
251 251 0.0478587
252 251 -0.0238846
251 252 -0.0238846
252 252 0.0478413
253 252 -0.0239566
252 253 -0.0239566
253 253 0.0483508
254 253 -0.0243941
253 254 -0.0243941
254 254 0.0492691
255 254 -0.0248749
254 255 -0.0248749
255 255 0.0498661
256 255 -0.0249912
255 256 -0.0249912
256 256 0.049882
257 256 -0.0248908
256 257 -0.0248908
257 257 0.0496776
258 257 -0.0247868
257 258 -0.0247868
258 258 0.0495527
259 258 -0.0247659
258 259 -0.0247659
259 259 0.0498804
260 259 -0.0251144
259 260 -0.0251144
260 260 0.050783
261 260 -0.0256686
260 261 -0.0256686
261 261 0.0515261
262 261 -0.0258575
261 262 -0.0258575
262 262 0.0516177
263 262 -0.0257602
262 263 -0.0257602
263 263 0.0514143
264 263 -0.0256541
263 264 -0.0256541
264 264 0.0512127
265 264 -0.0255586
264 265 -0.0255586
265 265 0.051377
266 265 -0.0258184
265 266 -0.0258184
266 266 0.0522506
267 266 -0.0264322
266 267 -0.0264322
267 267 0.0531355
268 267 -0.0267033
267 268 -0.0267033
268 268 0.0532957
269 268 -0.0265925
268 269 -0.0265925
269 269 0.0530614
270 269 -0.0264689
269 270 -0.0264689
270 270 0.0528313
271 270 -0.0263624
270 271 -0.0263624
271 271 0.0529362
272 271 -0.0265739
271 272 -0.0265739
272 272 0.0537248
273 272 -0.027151
272 273 -0.027151
273 273 0.0545998
274 273 -0.0274488
273 274 -0.0274488
274 274 0.0548192
275 274 -0.0273703
274 275 -0.0273703
275 275 0.0546274
276 275 -0.0272571
275 276 -0.0272571
276 276 0.0543935
277 276 -0.0271365
276 277 -0.0271365
277 277 0.0544249
278 277 -0.0272884
277 278 -0.0272884
278 278 0.0551139
279 278 -0.0278255
278 279 -0.0278255
279 279 0.055976
280 279 -0.0281506
279 280 -0.0281506
280 280 0.0562469
281 280 -0.0280964
280 281 -0.0280964
281 281 0.0560666
282 281 -0.0279703
281 282 -0.0279703
282 282 0.0558208
283 282 -0.0278505
282 283 -0.0278505
283 283 0.0558503
284 283 -0.0279997
283 284 -0.0279997
284 284 0.0565048
285 284 -0.0285051
284 285 -0.0285051
285 285 0.0573304
286 285 -0.0288254
285 286 -0.0288254
286 286 0.0576049
287 286 -0.0287795
286 287 -0.0287795
287 287 0.0574371
288 287 -0.0286576
287 288 -0.0286576
288 288 0.0571946
289 288 -0.028537
288 289 -0.028537
289 289 0.0571988
290 289 -0.0286618
289 290 -0.0286618
290 290 0.057808
291 290 -0.0291463
290 291 -0.0291463
291 291 0.0586005
292 291 -0.0294542
291 292 -0.0294542
292 292 0.0588446
293 292 -0.0293904
292 293 -0.0293904
293 293 0.0586548
294 293 -0.0292644
293 294 -0.0292644
294 294 0.0584042
295 294 -0.0291397
294 295 -0.0291397
295 295 0.0584344
296 295 -0.0292947
295 296 -0.0292947
296 296 0.0591006
297 296 -0.0298059
296 297 -0.0298059
297 297 0.0598563
298 297 -0.0300504
297 298 -0.0300504
298 298 0.0600047
299 298 -0.0299543
298 299 -0.0299543
299 299 0.0597891
300 299 -0.0298348
299 300 -0.0298348
300 300 0.0595339
301 300 -0.0296991
300 301 -0.0296991
301 301 0.0595849
302 301 -0.0298859
301 302 -0.0298859
302 302 0.0602881
303 302 -0.0304022
302 303 -0.0304022
303 303 0.060997
304 303 -0.0305947
303 304 -0.0305947
304 304 0.0610694
305 304 -0.0304747
304 305 -0.0304747
305 305 0.0608197
306 305 -0.030345
305 306 -0.030345
306 306 0.0605954
307 306 -0.0302503
306 307 -0.0302503
307 307 0.0607328
308 307 -0.0304825
307 308 -0.0304825
308 308 0.0614271
309 308 -0.0309445
308 309 -0.0309445
309 309 0.0620127
310 309 -0.0310682
309 310 -0.0310682
310 310 0.0619868
311 310 -0.0309186
310 311 -0.0309186
311 311 0.0617002
312 311 -0.0307815
311 312 -0.0307815
312 312 0.061555
313 312 -0.0307734
312 313 -0.0307734
313 313 0.0618344
314 313 -0.0310609
313 314 -0.0310609
314 314 0.0624817
315 314 -0.0314208
314 315 -0.0314208
315 315 0.0629043
316 315 -0.0314835
315 316 -0.0314835
316 316 0.0627965
317 316 -0.031313
316 317 -0.031313
317 317 0.0624663
318 317 -0.0311533
317 318 -0.0311533
318 318 0.0623957
319 318 -0.0312424
318 319 -0.0312424
319 319 0.062877
320 319 -0.0316346
319 320 -0.0316346
320 320 0.0635038
321 320 -0.0318692
320 321 -0.0318692
321 321 0.0636601
322 321 -0.0317908
321 322 -0.0317908
322 322 0.0634513
323 322 -0.0316605
322 323 -0.0316605
323 323 0.0632034
324 323 -0.0315429
323 324 -0.0315429
324 324 0.0632458
325 324 -0.0317029
324 325 -0.0317029
325 325 0.0638311
326 325 -0.0321281
325 326 -0.0321281
326 326 0.0643787
327 326 -0.0322506
326 327 -0.0322506
327 327 0.0643394
328 327 -0.0320888
327 328 -0.0320888
328 328 0.0640227
329 328 -0.0319339
328 329 -0.0319339
329 329 0.063871
330 329 -0.0319371
329 330 -0.0319371
330 330 0.0641498
331 330 -0.0322127
330 331 -0.0322127
331 331 0.0646977
332 331 -0.032485
331 332 -0.032485
332 332 0.0649855
333 332 -0.0325006
332 333 -0.0325006
333 333 0.0648486
334 333 -0.0323481
333 334 -0.0323481
334 334 0.0645302
335 334 -0.0321821
334 335 -0.0321821
335 335 0.0644811
336 335 -0.0322989
335 336 -0.0322989
336 336 0.064997
337 336 -0.0326981
336 337 -0.0326981
337 337 0.0655156
338 337 -0.0328175
337 338 -0.0328175
338 338 0.0654889
339 338 -0.0326713
338 339 -0.0326713
339 339 0.0652169
340 339 -0.0325456
339 340 -0.0325456
340 340 0.0650591
341 340 -0.0325136
340 341 -0.0325136
341 341 0.0652498
342 341 -0.0327363
341 342 -0.0327363
342 342 0.0657226
343 342 -0.0329863
342 343 -0.0329863
343 343 0.0659679
344 343 -0.0329815
343 344 -0.0329815
344 344 0.065819
345 344 -0.0328375
344 345 -0.0328375
345 345 0.0655257
346 345 -0.0326883
345 346 -0.0326883
346 346 0.0655013
347 346 -0.0328131
346 347 -0.0328131
347 347 0.0659841
348 347 -0.033171
347 348 -0.033171
348 348 0.0664259
349 348 -0.0332549
348 349 -0.0332549
349 349 0.0663473
350 349 -0.0330924
349 350 -0.0330924
350 350 0.066022
351 350 -0.0329296
350 351 -0.0329296
351 351 0.0658706
352 351 -0.032941
351 352 -0.032941
352 352 0.0661478
353 352 -0.0332068
352 353 -0.0332068
353 353 0.066605
354 353 -0.0333982
353 354 -0.0333982
354 354 0.0667266
355 354 -0.0333284
354 355 -0.0333284
355 355 0.066489
356 355 -0.0331606
355 356 -0.0331606
356 356 0.0662516
357 356 -0.033091
356 357 -0.033091
357 357 0.0663602
358 357 -0.0332692
357 358 -0.0332692
358 358 0.0667863
359 358 -0.0335171
358 359 -0.0335171
359 359 0.0670263
360 359 -0.0335091
359 360 -0.0335091
360 360 0.0668633
361 360 -0.0333541
360 361 -0.0333541
361 361 0.066587
362 361 -0.0332329
361 362 -0.0332329
362 362 0.0665501
363 362 -0.0333172
362 363 -0.0333172
363 363 0.066922
364 363 -0.0336048
363 364 -0.0336048
364 364 0.0672842
365 364 -0.0336794
364 365 -0.0336794
365 365 0.0672038
366 365 -0.0335245
365 366 -0.0335245
366 366 0.0668838
367 366 -0.0333594
366 367 -0.0333594
367 367 0.0667481
368 367 -0.0333887
367 368 -0.0333887
368 368 0.0670554
369 368 -0.0336668
368 369 -0.0336668
369 369 0.0674508
370 369 -0.0337841
369 370 -0.0337841
370 370 0.0674504
371 370 -0.0336663
370 371 -0.0336663
371 371 0.0671771
372 371 -0.0335108
371 372 -0.0335108
372 372 0.0669991
373 372 -0.0334883
372 373 -0.0334883
373 373 0.0671903
374 373 -0.033702
373 374 -0.033702
374 374 0.0675452
375 374 -0.0338431
374 375 -0.0338431
375 375 0.0676108
376 375 -0.0337677
375 376 -0.0337677
376 376 0.0673669
377 376 -0.0335992
376 377 -0.0335992
377 377 0.0671465
378 377 -0.0335472
377 378 -0.0335472
378 378 0.0672934
379 378 -0.0337462
378 379 -0.0337462
379 379 0.0676515
380 379 -0.0339053
379 380 -0.0339053
380 380 0.0677463
381 380 -0.0338411
380 381 -0.0338411
381 381 0.0675239
382 381 -0.0336829
381 382 -0.0336829
382 382 0.0673016
383 382 -0.0336187
382 383 -0.0336187
383 383 0.067398
384 383 -0.0337793
383 384 -0.0337793
384 384 0.0677161
385 384 -0.0339368
384 385 -0.0339368
385 385 0.0678072
386 385 -0.0338704
385 386 -0.0338704
386 386 0.0675835
387 386 -0.033713
386 387 -0.033713
387 387 0.0673771
388 387 -0.033664
387 388 -0.033664
388 388 0.0674715
389 388 -0.0338075
388 389 -0.0338075
389 389 0.067775
390 389 -0.0339675
389 390 -0.0339675
390 390 0.0678976
391 390 -0.0339301
390 391 -0.0339301
391 391 0.0676865
392 391 -0.0337564
391 392 -0.0337564
392 392 0.0674355
393 392 -0.0336791
392 393 -0.0336791
393 393 0.0675155
394 393 -0.0338364
393 394 -0.0338364
394 394 0.0678312
395 394 -0.0339948
394 395 -0.0339948
395 395 0.067926
396 395 -0.0339312
395 396 -0.0339312
396 396 0.067688
397 396 -0.0337568
396 397 -0.0337568
397 397 0.0674791
398 397 -0.0337223
397 398 -0.0337223
398 398 0.0676005
399 398 -0.0338782
398 399 -0.0338782
399 399 0.0678576
400 399 -0.0339794
399 400 -0.0339794
400 400 0.0678843
401 400 -0.0339048
400 401 -0.0339048
401 401 0.0676608
402 401 -0.033756
401 402 -0.033756
402 402 0.0674893
403 402 -0.0337333
402 403 -0.0337333
403 403 0.0676245
404 403 -0.0338912
403 404 -0.0338912
404 404 0.0678854
405 404 -0.0339942
404 405 -0.0339942
405 405 0.0678961
406 405 -0.0339019
405 406 -0.0339019
406 406 0.0676301
407 406 -0.0337282
406 407 -0.0337282
407 407 0.0674594
408 407 -0.0337312
407 408 -0.0337312
408 408 0.0676605
409 408 -0.0339293
408 409 -0.0339293
409 409 0.0679091
410 409 -0.0339797
409 410 -0.0339797
410 410 0.067823
411 410 -0.0338433
410 411 -0.0338433
411 411 0.0675524
412 411 -0.0337091
411 412 -0.0337091
412 412 0.0674521
413 412 -0.0337429
412 413 -0.0337429
413 413 0.0676686
414 413 -0.0339257
413 414 -0.0339257
414 414 0.0678719
415 414 -0.0339462
414 415 -0.0339462
415 415 0.0677296
416 415 -0.0337834
415 416 -0.0337834
416 416 0.0674754
417 416 -0.033692
416 417 -0.033692
417 417 0.0674841
418 417 -0.0337921
417 418 -0.0337921
418 418 0.0677143
419 418 -0.0339222
418 419 -0.0339222
419 419 0.0677792
420 419 -0.033857
419 420 -0.033857
420 420 0.0675511
421 420 -0.0336941
420 421 -0.0336941
421 421 0.0673658
422 421 -0.0336717
421 422 -0.0336717
422 422 0.0674822
423 422 -0.0338105
422 423 -0.0338105
423 423 0.0676873
424 423 -0.0338768
423 424 -0.0338768
424 424 0.0676429
425 424 -0.0337661
424 425 -0.0337661
425 425 0.0673958
426 425 -0.0336296
425 426 -0.0336296
426 426 0.0672813
427 426 -0.0336516
426 427 -0.0336516
427 427 0.0674559
428 427 -0.0338043
427 428 -0.0338043
428 428 0.0676265
429 428 -0.0338223
428 429 -0.0338223
429 429 0.0675117
430 429 -0.0336894
429 430 -0.0336894
430 430 0.0672852
431 430 -0.0335958
430 431 -0.0335958
431 431 0.067263
432 431 -0.0336672
431 432 -0.0336672
432 432 0.0674354
433 432 -0.0337682
432 433 -0.0337682
433 433 0.067469
434 433 -0.0337008
433 434 -0.0337008
434 434 0.0672551
435 434 -0.0335543
434 435 -0.0335543
435 435 0.0670963
436 435 -0.033542
435 436 -0.033542
436 436 0.0672402
437 436 -0.0336982
436 437 -0.0336982
437 437 0.0674152
438 437 -0.033717
437 438 -0.033717
438 438 0.0672814
439 438 -0.0335643
438 439 -0.0335643
439 439 0.0670374
440 439 -0.0334731
439 440 -0.0334731
440 440 0.0670156
441 440 -0.0335425
440 441 -0.0335425
441 441 0.067202
442 441 -0.0336595
441 442 -0.0336595
442 442 0.0672526
443 442 -0.0335931
442 443 -0.0335931
443 443 0.0670187
444 443 -0.0334256
443 444 -0.0334256
444 444 0.0668579
445 444 -0.0334322
444 445 -0.0334322
445 445 0.0670195
446 445 -0.0335873
445 446 -0.0335873
446 446 0.0671749
447 446 -0.0335876
446 447 -0.0335876
447 447 0.0670279
448 447 -0.0334403
447 448 -0.0334403
448 448 0.0667988
449 448 -0.0333585
448 449 -0.0333585
449 449 0.0668021
450 449 -0.0334437
449 450 -0.0334437
450 450 0.0669729
451 450 -0.0335292
450 451 -0.0335292
451 451 0.0669643
452 451 -0.0334351
451 452 -0.0334351
452 452 0.0667358
453 452 -0.0333008
452 453 -0.0333008
453 453 0.0666285
454 453 -0.0333277
453 454 -0.0333277
454 454 0.0667831
455 454 -0.0334554
454 455 -0.0334554
455 455 0.0668869
456 455 -0.0334314
455 456 -0.0334314
456 456 0.0667132
457 456 -0.0332817
456 457 -0.0332817
457 457 0.0665076
458 457 -0.0332259
457 458 -0.0332259
458 458 0.0665512
459 458 -0.0333252
458 459 -0.0333252
459 459 0.0667075
460 459 -0.0333823
459 460 -0.0333823
460 460 0.0666565
461 460 -0.0332742
460 461 -0.0332742
461 461 0.0664426
462 461 -0.0331684
461 462 -0.0331684
462 462 0.0663893
463 462 -0.033221
462 463 -0.033221
463 463 0.0665261
464 463 -0.0333052
463 464 -0.0333052
464 464 0.0665459
465 464 -0.0332407
464 465 -0.0332407
465 465 0.0663446
466 465 -0.0331039
465 466 -0.0331039
466 466 0.0662239
467 466 -0.03312
466 467 -0.03312
467 467 0.0663635
468 467 -0.0332435
467 468 -0.0332435
468 468 0.0664464
469 468 -0.0332029
468 469 -0.0332029
469 469 0.0662451
470 469 -0.0330422
469 470 -0.0330422
470 470 0.0660716
471 470 -0.0330294
470 471 -0.0330294
471 471 0.0661806
472 471 -0.0331512
471 472 -0.0331512
472 472 0.0663048
473 472 -0.0331536
472 473 -0.0331536
473 473 0.0661717
474 473 -0.0330181
473 474 -0.0330181
474 474 0.0659836
475 474 -0.0329655
474 475 -0.0329655
475 475 0.0660123
476 475 -0.0330468
475 476 -0.0330468
476 476 0.0661219
477 476 -0.0330751
476 477 -0.0330751
477 477 0.066042
478 477 -0.0329669
477 478 -0.0329669
478 478 0.0658663
479 478 -0.0328994
478 479 -0.0328994
479 479 0.0658685
480 479 -0.0329691
479 480 -0.0329691
480 480 0.0659774
481 480 -0.0330083
480 481 -0.0330083
481 481 0.0659242
482 481 -0.0329159
481 482 -0.0329159
482 482 0.0657369
483 482 -0.0328211
482 483 -0.0328211
483 483 0.0656944
484 483 -0.0328733
483 484 -0.0328733
484 484 0.065815
485 484 -0.0329417
484 485 -0.0329417
485 485 0.0657923
486 485 -0.0328506
485 486 -0.0328506
486 486 0.065604
487 486 -0.0327534
486 487 -0.0327534
487 487 0.065561
488 487 -0.0328076
487 488 -0.0328076
488 488 0.0656695
489 488 -0.0328619
488 489 -0.0328619
489 489 0.0656416
490 489 -0.0327797
489 490 -0.0327797
490 490 0.0654544
491 490 -0.0326747
490 491 -0.0326747
491 491 0.0653739
492 491 -0.0326992
491 492 -0.0326992
492 492 0.0654782
493 492 -0.032779
492 493 -0.032779
493 493 0.0655059
494 493 -0.0327269
493 494 -0.0327269
494 494 0.0653445
495 494 -0.0326175
494 495 -0.0326175
495 495 0.0652481
496 495 -0.0326305
495 496 -0.0326305
496 496 0.0653279
497 496 -0.0326974
496 497 -0.0326974
497 497 0.0653415
498 497 -0.0326442
497 498 -0.0326442
498 498 0.0651791
499 498 -0.032535
498 499 -0.032535
499 499 0.065095
500 499 -0.03256
499 500 -0.03256
500 500 0.0651894
501 500 -0.0326294
500 501 -0.0326294
501 501 0.0651747
502 501 -0.0325453
501 502 -0.0325453
502 502 0.0649834
503 502 -0.0324381
502 503 -0.0324381
503 503 0.0649296
504 503 -0.0324915
503 504 -0.0324915
504 504 0.0650479
505 504 -0.0325565
504 505 -0.0325565
505 505 0.0650183
506 505 -0.0324618
505 506 -0.0324618
506 506 0.0648278
507 506 -0.0323659
506 507 -0.0323659
507 507 0.0647868
508 507 -0.0324209
507 508 -0.0324209
508 508 0.0648919
509 508 -0.0324711
508 509 -0.0324711
509 509 0.0648465
510 509 -0.0323755
509 510 -0.0323755
510 510 0.0646711
511 510 -0.0322956
510 511 -0.0322956
511 511 0.0646551
512 511 -0.0323595
511 512 -0.0323595
512 512 0.0647574
513 512 -0.0323979
512 513 -0.0323979
513 513 0.0646887
514 513 -0.0322908
513 514 -0.0322908
514 514 0.0645119
515 514 -0.0322211
514 515 -0.0322211
515 515 0.064519
516 515 -0.0322978
515 516 -0.0322978
516 516 0.064609
517 516 -0.0323112
516 517 -0.0323112
517 517 0.0644877
518 517 -0.0321765
517 518 -0.0321765
518 518 0.0643088
519 518 -0.0321323
518 519 -0.0321323
519 519 0.0643824
520 519 -0.0322502
519 520 -0.0322502
520 520 0.0644868
521 520 -0.0322367
520 521 -0.0322367
521 521 0.0643222
522 521 -0.0320856
521 522 -0.0320856
522 522 0.0641683
523 522 -0.0320827
522 523 -0.0320827
523 523 0.0642447
524 523 -0.032162
523 524 -0.032162
524 524 0.0642669
525 524 -0.0321049
524 525 -0.0321049
525 525 0.0641134
526 525 -0.0320086
525 526 -0.0320086
526 526 0.0640553
527 526 -0.0320468
526 527 -0.0320468
527 527 0.0641433
528 527 -0.0320965
527 528 -0.0320965
528 528 0.064083
529 528 -0.0319865
528 529 -0.0319865
529 529 0.0638914
530 529 -0.0319049
529 530 -0.0319049
530 530 0.063886
531 530 -0.0319811
530 531 -0.0319811
531 531 0.0639842
532 531 -0.0320031
531 532 -0.0320031
532 532 0.0638856
533 532 -0.0318825
532 533 -0.0318825
533 533 0.06372
534 533 -0.0318375
533 534 -0.0318375
534 534 0.0637639
535 534 -0.0319263
534 535 -0.0319263
535 535 0.0638115
536 535 -0.0318852
535 536 -0.0318852
536 536 0.0636589
537 536 -0.0317737
536 537 -0.0317737
537 537 0.0635703
538 537 -0.0317966
537 538 -0.0317966
538 538 0.0636415
539 538 -0.0318449
538 539 -0.0318449
539 539 0.0636083
540 539 -0.0317634
539 540 -0.0317634
540 540 0.0634432
541 540 -0.0316797
540 541 -0.0316797
541 541 0.0634203
542 541 -0.0317405
541 542 -0.0317405
542 542 0.0634907
543 542 -0.0317502
542 543 -0.0317502
543 543 0.0633901
544 543 -0.0316399
543 544 -0.0316399
544 544 0.0632627
545 544 -0.0316228
544 545 -0.0316228
545 545 0.0633075
546 545 -0.0316847
545 546 -0.0316847
546 546 0.0633105
547 546 -0.0316258
546 547 -0.0316258
547 547 0.0631825
548 547 -0.0315567
547 548 -0.0315567
548 548 0.0631488
549 548 -0.0315921
548 549 -0.0315921
549 549 0.0631739
550 549 -0.0315818
549 550 -0.0315818
550 550 0.0630765
551 550 -0.0314947
550 551 -0.0314947
551 551 0.0629663
552 551 -0.0314716
551 552 -0.0314716
552 552 0.0630156
553 552 -0.031544
552 553 -0.031544
553 553 0.0630311
554 553 -0.0314871
553 554 -0.0314871
554 554 0.0628707
555 554 -0.0313836
554 555 -0.0313836
555 555 0.0628284
556 555 -0.0314448
555 556 -0.0314448
556 556 0.0629097
557 556 -0.0314649
556 557 -0.0314649
557 557 0.0627933
558 557 -0.0313284
557 558 -0.0313284
558 558 0.0626123
559 558 -0.0312839
558 559 -0.0312839
559 559 0.0626669
560 559 -0.031383
559 560 -0.031383
560 560 0.0627217
561 560 -0.0313387
560 561 -0.0313387
561 561 0.0625663
562 561 -0.0312277
561 562 -0.0312277
562 562 0.0624949
563 562 -0.0312673
562 563 -0.0312673
563 563 0.0625286
564 563 -0.0312613
563 564 -0.0312613
564 564 0.0624326
565 564 -0.0311713
564 565 -0.0311713
565 565 0.0623703
566 565 -0.0311991
565 566 -0.0311991
566 566 0.0624157
567 566 -0.0312166
566 567 -0.0312166
567 567 0.0623238
568 567 -0.0311072
567 568 -0.0311072
568 568 0.0621777
569 568 -0.0310705
568 569 -0.0310705
569 569 0.0622108
570 569 -0.0311403
569 570 -0.0311403
570 570 0.0622289
571 570 -0.0310886
570 571 -0.0310886
571 571 0.0620614
572 571 -0.0309728
571 572 -0.0309728
572 572 0.0619709
573 572 -0.0309981
572 573 -0.0309981
573 573 0.0620149
574 573 -0.0310167
573 574 -0.0310167
574 574 0.0619506
575 574 -0.0309338
574 575 -0.0309338
575 575 0.0618289
576 575 -0.0308951
575 576 -0.0308951
576 576 0.0618139
577 576 -0.0309188
576 577 -0.0309188
577 577 0.0617731
578 577 -0.0308543
577 578 -0.0308543
578 578 0.0616446
579 578 -0.0307903
578 579 -0.0307903
579 579 0.0616172
580 579 -0.0308269
579 580 -0.0308269
580 580 0.0616143
581 580 -0.0307874
580 581 -0.0307874
581 581 0.0614847
582 581 -0.0306973
581 582 -0.0306973
582 582 0.0614183
583 582 -0.030721
582 583 -0.030721
583 583 0.0614653
584 583 -0.0307444
583 584 -0.0307444
584 584 0.0613987
585 584 -0.0306543
584 585 -0.0306543
585 585 0.0612623
586 585 -0.030608
585 586 -0.030608
586 586 0.0612324
587 586 -0.0306244
586 587 -0.0306244
587 587 0.0611718
588 587 -0.0305473
587 588 -0.0305473
588 588 0.0610546
589 588 -0.0305072
588 589 -0.0305072
589 589 0.0610802
590 589 -0.0305729
589 590 -0.0305729
590 590 0.0610685
591 590 -0.0304956
590 591 -0.0304956
591 591 0.0609195
592 591 -0.0304239
591 592 -0.0304239
592 592 0.0609004
593 592 -0.0304765
592 593 -0.0304765
593 593 0.0609127
594 593 -0.0304363
593 594 -0.0304363
594 594 0.0608006
595 594 -0.0303644
594 595 -0.0303644
595 595 0.0607312
596 595 -0.0303669
595 596 -0.0303669
596 596 0.0607057
597 596 -0.0303389
596 597 -0.0303389
597 597 0.0606426
598 597 -0.0303038
597 598 -0.0303038
598 598 0.0606096
599 598 -0.0303058
598 599 -0.0303058
599 599 0.0605774
600 599 -0.0302716
599 600 -0.0302716
600 600 0.0604772
601 600 -0.0302056
600 601 -0.0302056
601 601 0.0604006
602 601 -0.030195
601 602 -0.030195
602 602 0.0604165
603 602 -0.0302215
602 603 -0.0302215
603 603 0.060377
604 603 -0.0301554
603 604 -0.0301554
604 604 0.0602393
605 604 -0.0300838
604 605 -0.0300838
605 605 0.0601995
606 605 -0.0301157
605 606 -0.0301157
606 606 0.0601718
607 606 -0.0300561
606 607 -0.0300561
607 607 0.0600643
608 607 -0.0300082
607 608 -0.0300082
608 608 0.0600718
609 608 -0.0300636
608 609 -0.0300636
609 609 0.0600563
610 609 -0.0299927
609 610 -0.0299927
610 610 0.0599182
611 610 -0.0299255
610 611 -0.0299255
611 611 0.0598938
612 611 -0.0299683
611 612 -0.0299683
612 612 0.0598655
613 612 -0.0298973
612 613 -0.0298973
613 613 0.0597393
614 613 -0.0298421
613 614 -0.0298421
614 614 0.0597315
615 614 -0.0298895
614 615 -0.0298895
615 615 0.0596849
616 615 -0.0297954
615 616 -0.0297954
616 616 0.0595286
617 616 -0.0297332
616 617 -0.0297332
617 617 0.0595078
618 617 -0.0297747
617 618 -0.0297747
618 618 0.0594958
619 618 -0.0297211
618 619 -0.0297211
619 619 0.0593639
620 619 -0.0296428
619 620 -0.0296428
620 620 0.0593147
621 620 -0.0296719
620 621 -0.0296719
621 621 0.0593058
622 621 -0.0296339
621 622 -0.0296339
622 622 0.059191
623 622 -0.0295571
622 623 -0.0295571
623 623 0.0591378
624 623 -0.0295807
623 624 -0.0295807
624 624 0.0591112
625 624 -0.0295306
624 625 -0.0295306
625 625 0.0589948
626 625 -0.0294643
625 626 -0.0294643
626 626 0.0589467
627 626 -0.0294825
626 627 -0.0294825
627 627 0.0589265
628 627 -0.029444
627 628 -0.029444
628 628 0.0588387
629 628 -0.0293947
628 629 -0.0293947
629 629 0.05879
630 629 -0.0293953
629 630 -0.0293953
630 630 0.0587181
631 630 -0.0293228
630 631 -0.0293228
631 631 0.0586061
632 631 -0.0292833
631 632 -0.0292833
632 632 0.0586005
633 632 -0.0293172
632 633 -0.0293172
633 633 0.0585635
634 633 -0.0292464
633 634 -0.0292464
634 634 0.0584359
635 634 -0.0291896
634 635 -0.0291896
635 635 0.0583886
636 635 -0.029199
635 636 -0.029199
636 636 0.0583368
637 636 -0.0291378
636 637 -0.0291378
637 637 0.0582303
638 637 -0.0290925
637 638 -0.0290925
638 638 0.0581844
639 638 -0.0290919
638 639 -0.0290919
639 639 0.0581503
640 639 -0.0290584
639 640 -0.0290584
640 640 0.0580782
641 640 -0.0290198
640 641 -0.0290198
641 641 0.0580247
642 641 -0.0290049
641 642 -0.0290049
642 642 0.0579756
643 642 -0.0289707
642 643 -0.0289707
643 643 0.0579095
644 643 -0.0289388
643 644 -0.0289388
644 644 0.057834
645 644 -0.0288952
644 645 -0.0288952
645 645 0.0577485
646 645 -0.0288533
645 646 -0.0288533
646 646 0.0576977
647 646 -0.0288444
646 647 -0.0288444
647 647 0.057629
648 647 -0.0287846
647 648 -0.0287846
648 648 0.0575356
649 648 -0.028751
648 649 -0.028751
649 649 0.0575114
650 649 -0.0287604
649 650 -0.0287604
650 650 0.0574695
651 650 -0.0287091
650 651 -0.0287091
651 651 0.0573663
652 651 -0.0286572
651 652 -0.0286572
652 652 0.0573048
653 652 -0.0286476
652 653 -0.0286476
653 653 0.0572523
654 653 -0.0286046
653 654 -0.0286046
654 654 0.057176
655 654 -0.0285714
654 655 -0.0285714
655 655 0.0571255
656 655 -0.0285541
655 656 -0.0285541
656 656 0.0570563
657 656 -0.0285022
656 657 -0.0285022
657 657 0.0569825
658 657 -0.0284804
657 658 -0.0284804
658 658 0.0569287
659 658 -0.0284484
658 659 -0.0284484
659 659 0.0568442
660 659 -0.0283958
659 660 -0.0283958
660 660 0.0567883
661 660 -0.0283925
660 661 -0.0283925
661 661 0.0567256
662 661 -0.0283331
661 662 -0.0283331
662 662 0.056602
663 662 -0.0282689
662 663 -0.0282689
663 663 0.0565423
664 663 -0.0282734
663 664 -0.0282734
664 664 0.0564942
665 664 -0.0282208
664 665 -0.0282208
665 665 0.0563925
666 665 -0.0281717
665 666 -0.0281717
666 666 0.056305
667 666 -0.0281333
666 667 -0.0281333
667 667 0.0562289
668 667 -0.0280956
667 668 -0.0280956
668 668 0.0561757
669 668 -0.0280801
668 669 -0.0280801
669 669 0.0560992
670 669 -0.0280191
669 670 -0.0280191
670 670 0.0559998
671 670 -0.0279807
670 671 -0.0279807
671 671 0.0559568
672 671 -0.0279761
671 672 -0.0279761
672 672 0.0558833
673 672 -0.0279072
672 673 -0.0279072
673 673 0.0557679
674 673 -0.0278607
673 674 -0.0278607
674 674 0.0556864
675 674 -0.0278258
674 675 -0.0278258
675 675 0.0555823
676 675 -0.0277565
675 676 -0.0277565
676 676 0.0554998
677 676 -0.0277433
676 677 -0.0277433
677 677 0.0554587
678 677 -0.0277154
677 678 -0.0277154
678 678 0.0553913
679 678 -0.0276759
678 679 -0.0276759
679 679 0.0553085
680 679 -0.0276326
679 680 -0.0276326
680 680 0.0552032
681 680 -0.0275706
680 681 -0.0275706
681 681 0.0551202
682 681 -0.0275495
681 682 -0.0275495
682 682 0.055052
683 682 -0.0275024
682 683 -0.0275024
683 683 0.0549574
684 683 -0.027455
683 684 -0.027455
684 684 0.0548995
685 684 -0.0274445
684 685 -0.0274445
685 685 0.0548344
686 685 -0.0273899
685 686 -0.0273899
686 686 0.054736
687 686 -0.0273461
686 687 -0.0273461
687 687 0.0546409
688 687 -0.0272948
687 688 -0.0272948
688 688 0.0545275
689 688 -0.0272327
688 689 -0.0272327
689 689 0.0544576
690 689 -0.0272249
689 690 -0.0272249
690 690 0.0543949
691 690 -0.02717
690 691 -0.02717
691 691 0.0542847
692 691 -0.0271147
691 692 -0.0271147
692 692 0.0541885
693 692 -0.0270738
692 693 -0.0270738
693 693 0.0540994
694 693 -0.0270256
693 694 -0.0270256
694 694 0.0540247
695 694 -0.0269991
694 695 -0.0269991
695 695 0.0539352
696 695 -0.0269361
695 696 -0.0269361
696 696 0.0538194
697 696 -0.0268833
696 697 -0.0268833
697 697 0.0537181
698 697 -0.0268348
697 698 -0.0268348
698 698 0.0536207
699 698 -0.0267859
698 699 -0.0267859
699 699 0.0535508
700 699 -0.0267649
699 700 -0.0267649
700 700 0.0534797
701 700 -0.0267148
700 701 -0.0267148
701 701 0.0533631
702 701 -0.0266483
701 702 -0.0266483
702 702 0.0532399
703 702 -0.0265917
702 703 -0.0265917
703 703 0.0531433
704 703 -0.0265517
703 704 -0.0265517
704 704 0.053075
705 704 -0.0265233
704 705 -0.0265233
705 705 0.0530001
706 705 -0.0264768
705 706 -0.0264768
706 706 0.0529174
707 706 -0.0264406
706 707 -0.0264406
707 707 0.0528346
708 707 -0.026394
707 708 -0.026394
708 708 0.052741
709 708 -0.026347
708 709 -0.026347
709 709 0.0526576
710 709 -0.0263105
709 710 -0.0263105
710 710 0.0525634
711 710 -0.0262529
710 711 -0.0262529
711 711 0.0524689
712 711 -0.026216
711 712 -0.026216
712 712 0.052398
713 712 -0.026182
712 713 -0.026182
713 713 0.052313
714 713 -0.0261311
713 714 -0.0261311
714 714 0.0521908
715 714 -0.0260597
714 715 -0.0260597
715 715 0.052064
716 715 -0.0260043
715 716 -0.0260043
716 716 0.0519709
717 716 -0.0259666
716 717 -0.0259666
717 717 0.0518776
718 717 -0.025911
717 718 -0.025911
718 718 0.0517809
719 718 -0.02587
718 719 -0.02587
719 719 0.0516916
720 719 -0.0258216
719 720 -0.0258216
720 720 0.0515815
721 720 -0.0257598
720 721 -0.0257598
721 721 0.0514638
722 721 -0.025704
721 722 -0.025704
722 722 0.0513544
723 722 -0.0256505
722 723 -0.0256505
723 723 0.0512538
724 723 -0.0256033
723 724 -0.0256033
724 724 0.0511678
