0 0 0.0178948
1 0 -0.00595558
0 1 -0.00595558
1 1 0.0118832
2 1 -0.00592765
1 2 -0.00592765
2 2 0.0118275
3 2 -0.00589989
2 3 -0.00589989
3 3 0.0117722
4 3 -0.00587229
3 4 -0.00587229
4 4 0.011717
5 4 -0.00584476
4 5 -0.00584476
5 5 0.0116621
6 5 -0.00581734
5 6 -0.00581734
6 6 0.0116074
7 6 -0.0057901
6 7 -0.0057901
7 7 0.0115531
8 7 -0.00576297
7 8 -0.00576297
8 8 0.011499
9 8 -0.00573602
8 9 -0.00573602
9 9 0.0114451
10 9 -0.00570911
9 10 -0.00570911
10 10 0.0113914
11 10 -0.00568231
10 11 -0.00568231
11 11 0.0113381
12 11 -0.00565576
11 12 -0.00565576
12 12 0.011285
13 12 -0.00562925
12 13 -0.00562925
13 13 0.0112321
14 13 -0.00560286
13 14 -0.00560286
14 14 0.0111795
15 14 -0.00557664
14 15 -0.00557664
15 15 0.0111272
16 15 -0.00555053
15 16 -0.00555053
16 16 0.011075
17 16 -0.00552446
16 17 -0.00552446
17 17 0.011023
18 17 -0.00549858
17 18 -0.00549858
18 18 0.0109714
19 18 -0.0054728
18 19 -0.0054728
19 19 0.01092
20 19 -0.0054472
19 20 -0.0054472
20 20 0.0108689
21 20 -0.00542172
20 21 -0.00542172
21 21 0.010818
22 21 -0.00539627
21 22 -0.00539627
22 22 0.0107672
23 22 -0.00537095
22 23 -0.00537095
23 23 0.0107167
24 23 -0.00534573
23 24 -0.00534573
24 24 0.0106664
25 24 -0.00532063
24 25 -0.00532063
25 25 0.0106165
26 25 -0.00529588
25 26 -0.00529588
26 26 0.0105669
27 26 -0.005271
26 27 -0.005271
27 27 0.0105173
28 27 -0.00524635
27 28 -0.00524635
28 28 0.0104683
29 28 -0.00522193
28 29 -0.00522193
29 29 0.0104191
30 29 -0.00519715
29 30 -0.00519715
30 30 0.0103703
31 30 -0.00517319
30 31 -0.00517319
31 31 0.0103221
32 31 -0.00514887
31 32 -0.00514887
32 32 0.0102731
33 32 -0.00512421
32 33 -0.00512421
33 33 0.0102246
34 33 -0.00510034
33 34 -0.00510034
34 34 0.010177
35 34 -0.0050767
34 35 -0.0050767
35 35 0.01013
36 35 -0.00505328
35 36 -0.00505328
36 36 0.0100828
37 36 -0.00502952
36 37 -0.00502952
37 37 0.010035
38 37 -0.00500544
37 38 -0.00500544
38 38 0.00998757
39 38 -0.00498213
38 39 -0.00498213
39 39 0.00994116
40 39 -0.00495903
39 40 -0.00495903
40 40 0.00989466
41 40 -0.00493562
40 41 -0.00493562
41 41 0.00984805
42 41 -0.00491243
41 42 -0.00491243
42 42 0.00980189
43 42 -0.00488946
42 43 -0.00488946
43 43 0.00975615
44 43 -0.00486669
43 44 -0.00486669
44 44 0.00971033
45 44 -0.00484363
44 45 -0.00484363
45 45 0.00966443
46 45 -0.00482079
45 46 -0.00482079
46 46 0.00961946
47 46 -0.00479866
46 47 -0.00479866
47 47 0.00957491
48 47 -0.00477624
47 48 -0.00477624
48 48 0.00952978
49 48 -0.00475354
48 49 -0.00475354
49 49 0.00948459
50 49 -0.00473105
49 50 -0.00473105
50 50 0.0094403
51 50 -0.00470925
50 51 -0.00470925
51 51 0.00939644
52 51 -0.00468718
51 52 -0.00468718
52 52 0.0093525
53 52 -0.00466531
52 53 -0.00466531
53 53 0.00930896
54 53 -0.00464365
53 54 -0.00464365
54 54 0.00926491
55 54 -0.00462126
54 55 -0.00462126
55 55 0.0092208
56 55 -0.00459954
55 56 -0.00459954
56 56 0.00917802
57 56 -0.00457848
56 57 -0.00457848
57 57 0.00913564
58 57 -0.00455716
57 58 -0.00455716
58 58 0.00909276
59 58 -0.00453559
58 59 -0.00453559
59 59 0.00904982
60 59 -0.00451423
59 60 -0.00451423
60 60 0.00900729
61 60 -0.00449307
60 61 -0.00449307
61 61 0.00896516
62 61 -0.0044721
61 62 -0.0044721
62 62 0.00892342
63 62 -0.00445133
62 63 -0.00445133
63 63 0.00888164
64 63 -0.00443032
63 64 -0.00443032
64 64 0.00883983
65 64 -0.00440951
64 65 -0.00440951
65 65 0.0087984
66 65 -0.00438889
65 66 -0.00438889
66 66 0.00875737
67 66 -0.00436847
66 67 -0.00436847
67 67 0.0087163
68 67 -0.00434783
67 68 -0.00434783
68 68 0.0086752
69 68 -0.00432738
68 69 -0.00432738
69 69 0.00863449
70 69 -0.00430712
69 70 -0.00430712
70 70 0.00859416
71 70 -0.00428705
70 71 -0.00428705
71 71 0.00855421
72 71 -0.00426716
71 72 -0.00426716
72 72 0.00851384
73 72 -0.00424668
72 73 -0.00424668
73 73 0.00847384
74 73 -0.00422716
73 74 -0.00422716
74 74 0.00843461
75 74 -0.00420745
74 75 -0.00420745
75 75 0.00839497
76 75 -0.00418753
75 76 -0.00418753
76 76 0.00835533
77 76 -0.0041678
76 77 -0.0041678
77 77 0.00831605
78 77 -0.00414826
77 78 -0.00414826
78 78 0.00827715
79 78 -0.00412889
78 79 -0.00412889
79 79 0.0082386
80 79 -0.00410971
79 80 -0.00410971
80 80 0.00820005
81 80 -0.00409034
80 81 -0.00409034
81 81 0.0081615
82 81 -0.00407116
81 82 -0.00407116
82 82 0.00812331
83 82 -0.00405215
82 83 -0.00405215
83 83 0.00808511
84 83 -0.00403297
83 84 -0.00403297
84 84 0.00804728
85 84 -0.00401431
84 85 -0.00401431
85 85 0.0080098
86 85 -0.00399548
85 86 -0.00399548
86 86 0.00797231
87 86 -0.00397683
86 87 -0.00397683
87 87 0.00793484
88 87 -0.00395801
87 88 -0.00395801
88 88 0.00789738
89 88 -0.00393937
88 89 -0.00393937
89 89 0.0078606
90 89 -0.00392123
89 90 -0.00392123
90 90 0.00782417
91 90 -0.00390294
90 91 -0.00390294
91 91 0.00778741
92 91 -0.00388448
91 92 -0.00388448
92 92 0.00775067
93 92 -0.0038662
92 93 -0.0038662
93 93 0.00771428
94 93 -0.00384808
93 94 -0.00384808
94 94 0.00767791
95 94 -0.00382982
94 95 -0.00382982
95 95 0.00764187
96 95 -0.00381205
95 96 -0.00381205
96 96 0.00760649
97 96 -0.00379444
96 97 -0.00379444
97 97 0.00757081
98 97 -0.00377637
97 98 -0.00377637
98 98 0.00753516
99 98 -0.00375878
98 99 -0.00375878
99 99 0.00750014
100 99 -0.00374136
99 100 -0.00374136
100 100 0.00746515
101 100 -0.00372379
100 101 -0.00372379
101 101 0.00742988
102 101 -0.00370609
101 102 -0.00370609
102 102 0.00739494
103 102 -0.00368885
102 103 -0.00368885
103 103 0.00736034
104 103 -0.00367148
103 104 -0.00367148
104 104 0.00732576
105 104 -0.00365427
104 105 -0.00365427
105 105 0.00729179
106 105 -0.00363751
105 106 -0.00363751
106 106 0.00725757
107 106 -0.00362005
106 107 -0.00362005
107 107 0.00722309
108 107 -0.00360304
107 108 -0.00360304
108 108 0.0071895
109 108 -0.00358646
108 109 -0.00358646
109 109 0.00715595
110 109 -0.00356949
109 110 -0.00356949
110 110 0.00712244
111 110 -0.00355295
110 111 -0.00355295
111 111 0.00708923
112 111 -0.00353629
111 112 -0.00353629
112 112 0.0070558
113 112 -0.00351951
112 113 -0.00351951
113 113 0.00702267
114 113 -0.00350316
113 114 -0.00350316
114 114 0.00698986
115 114 -0.0034867
114 115 -0.0034867
115 115 0.00695709
116 115 -0.00347039
115 116 -0.00347039
116 116 0.00692462
117 116 -0.00345423
116 117 -0.00345423
117 117 0.0068922
118 117 -0.00343797
117 118 -0.00343797
118 118 0.00685982
119 118 -0.00342186
118 119 -0.00342186
119 119 0.00682775
120 119 -0.00340589
119 120 -0.00340589
120 120 0.00679572
121 120 -0.00338983
120 121 -0.00338983
121 121 0.00676375
122 121 -0.00337392
121 122 -0.00337392
122 122 0.00673207
123 122 -0.00335815
122 123 -0.00335815
123 123 0.00670045
124 123 -0.00334229
123 124 -0.00334229
124 124 0.00666888
125 124 -0.00332658
124 125 -0.00332658
125 125 0.00663784
126 125 -0.00331126
125 126 -0.00331126
126 126 0.0066071
127 126 -0.00329584
126 127 -0.00329584
127 127 0.00657593
128 127 -0.00328009
127 128 -0.00328009
128 128 0.00654482
129 128 -0.00326473
128 129 -0.00326473
129 129 0.00651446
130 129 -0.00324974
129 130 -0.00324974
130 130 0.00648416
131 130 -0.00323443
130 131 -0.00323443
131 131 0.00645346
132 131 -0.00321903
131 132 -0.00321903
132 132 0.00642305
133 132 -0.00320401
132 133 -0.00320401
133 133 0.00639314
134 133 -0.00318913
133 134 -0.00318913
134 134 0.00636329
135 134 -0.00317417
134 135 -0.00317417
135 135 0.00633351
136 135 -0.00315934
135 136 -0.00315934
136 136 0.00630378
137 136 -0.00314444
136 137 -0.00314444
137 137 0.00627412
138 137 -0.00312968
137 138 -0.00312968
138 138 0.00624473
139 138 -0.00311505
138 139 -0.00311505
139 139 0.00621562
140 139 -0.00310057
139 140 -0.00310057
140 140 0.00618657
141 140 -0.00308601
140 141 -0.00308601
141 141 0.00615738
142 141 -0.00307138
141 142 -0.00307138
142 142 0.00612846
143 142 -0.00305709
142 143 -0.00305709
143 143 0.00609982
144 143 -0.00304273
143 144 -0.00304273
144 144 0.00607124
145 144 -0.00302851
144 145 -0.00302851
145 145 0.00604292
146 145 -0.00301442
145 146 -0.00301442
146 146 0.00601468
147 146 -0.00300026
146 147 -0.00300026
147 147 0.0059863
148 147 -0.00298604
147 148 -0.00298604
148 148 0.0059582
149 148 -0.00297215
148 149 -0.00297215
149 149 0.00593054
150 149 -0.00295839
149 150 -0.00295839
150 150 0.00590277
151 150 -0.00294438
150 151 -0.00294438
151 151 0.00587487
152 151 -0.0029305
151 152 -0.0029305
152 152 0.00584724
153 152 -0.00291675
152 153 -0.00291675
153 153 0.00581987
154 153 -0.00290312
153 154 -0.00290312
154 154 0.00579275
155 154 -0.00288963
154 155 -0.00288963
155 155 0.00576571
156 155 -0.00287608
155 156 -0.00287608
156 156 0.00573873
157 156 -0.00286265
156 157 -0.00286265
157 157 0.00571183
158 157 -0.00284918
157 158 -0.00284918
158 158 0.00568501
159 158 -0.00283583
158 159 -0.00283583
159 159 0.00565844
160 159 -0.00282261
159 160 -0.00282261
160 160 0.00563177
161 160 -0.00280916
160 161 -0.00280916
161 161 0.00560517
162 161 -0.00279601
161 162 -0.00279601
162 162 0.00557917
163 162 -0.00278316
162 163 -0.00278316
163 163 0.00555324
164 163 -0.00277008
163 164 -0.00277008
164 164 0.00552705
165 164 -0.00275697
164 165 -0.00275697
165 165 0.00550111
166 165 -0.00274414
165 166 -0.00274414
166 166 0.00547541
167 166 -0.00273127
166 167 -0.00273127
167 167 0.00544962
168 167 -0.00271835
167 168 -0.00271835
168 168 0.00542471
169 168 -0.00270636
168 169 -0.00270636
169 169 0.0054002
170 169 -0.00269384
169 170 -0.00269384
170 170 0.00537293
171 170 -0.00267909
170 171 -0.00267909
171 171 0.00534576
172 171 -0.00266667
171 172 -0.00266667
172 172 0.00532256
173 172 -0.00265589
172 173 -0.00265589
173 173 0.00529957
174 173 -0.00264368
173 174 -0.00264368
174 174 0.00527375
175 174 -0.00263007
174 175 -0.00263007
175 175 0.00524817
176 175 -0.0026181
175 176 -0.0026181
176 176 0.00522433
177 176 -0.00260623
176 177 -0.00260623
177 177 0.00519924
178 177 -0.00259301
177 178 -0.00259301
178 178 0.00517438
179 178 -0.00258137
178 179 -0.00258137
179 179 0.0051512
180 179 -0.00256983
179 180 -0.00256983
180 180 0.00512823
181 180 -0.0025584
180 181 -0.0025584
181 181 0.00510405
182 181 -0.00254566
181 182 -0.00254566
182 182 0.0050787
183 182 -0.00253304
182 183 -0.00253304
183 183 0.00505497
184 183 -0.00252193
183 184 -0.00252193
184 184 0.00503148
185 184 -0.00250955
184 185 -0.00250955
185 185 0.00500683
186 185 -0.00249729
185 186 -0.00249729
186 186 0.00498377
187 186 -0.00248649
186 187 -0.00248649
187 187 0.00496227
188 187 -0.00247578
187 188 -0.00247578
188 188 0.00493963
189 188 -0.00246385
188 189 -0.00246385
189 189 0.00491456
190 189 -0.00245072
189 190 -0.00245072
190 190 0.00489104
191 190 -0.00244032
190 191 -0.00244032
191 191 0.00486904
192 191 -0.00242872
191 192 -0.00242872
192 192 0.00484596
193 192 -0.00241724
192 193 -0.00241724
193 193 0.00482309
194 193 -0.00240586
193 194 -0.00240586
194 194 0.00480044
195 194 -0.00239459
194 195 -0.00239459
195 195 0.00477801
196 195 -0.00238342
195 196 -0.00238342
196 196 0.00475578
197 196 -0.00237236
196 197 -0.00237236
197 197 0.00473375
198 197 -0.0023614
197 198 -0.0023614
198 198 0.00471073
199 198 -0.00234934
198 199 -0.00234934
199 199 0.00468911
200 199 -0.00233978
199 200 -0.00233978
200 200 0.00466889
201 200 -0.00232911
200 201 -0.00232911
201 201 0.00464649
202 201 -0.00231738
201 202 -0.00231738
202 202 0.00462314
203 202 -0.00230576
202 203 -0.00230576
203 203 0.00460117
204 203 -0.00229541
203 204 -0.00229541
204 204 0.00458056
205 204 -0.00228515
204 205 -0.00228515
205 205 0.004559
206 205 -0.00227385
205 206 -0.00227385
206 206 0.00453763
207 206 -0.00226378
206 207 -0.00226378
207 207 0.00451647
208 207 -0.00225269
207 208 -0.00225269
208 208 0.00449441
209 208 -0.00224172
208 209 -0.00224172
209 209 0.00447364
210 209 -0.00223193
209 210 -0.00223193
210 210 0.00445308
211 210 -0.00222115
210 211 -0.00222115
211 211 0.00443269
212 211 -0.00221154
211 212 -0.00221154
212 212 0.0044125
213 212 -0.00220096
212 213 -0.00220096
213 213 0.00439039
214 213 -0.00218943
213 214 -0.00218943
214 214 0.00436953
215 214 -0.00218009
214 215 -0.00218009
215 215 0.00435093
216 215 -0.00217084
215 216 -0.00217084
216 216 0.00433046
217 216 -0.00215962
216 217 -0.00215962
217 217 0.00430916
218 217 -0.00214953
217 218 -0.00214953
218 218 0.00428907
219 218 -0.00213953
218 219 -0.00213953
219 219 0.00426818
220 219 -0.00212864
219 220 -0.00212864
220 220 0.00424846
221 220 -0.00211982
220 221 -0.00211982
221 221 0.00422991
222 221 -0.00211009
221 222 -0.00211009
222 222 0.00420959
223 222 -0.0020995
222 223 -0.0020995
223 223 0.00418946
224 223 -0.00208996
223 224 -0.00208996
224 224 0.00416953
225 224 -0.00207957
224 225 -0.00207957
225 225 0.00414977
226 225 -0.00207021
225 226 -0.00207021
226 226 0.00413114
227 226 -0.00206093
226 227 -0.00206093
227 227 0.00411176
228 227 -0.00205082
227 228 -0.00205082
228 228 0.00409164
229 228 -0.00204082
228 229 -0.00204082
229 229 0.00407262
230 229 -0.0020318
229 230 -0.0020318
230 230 0.00405467
231 230 -0.00202287
230 231 -0.00202287
231 231 0.00403512
232 231 -0.00201225
231 232 -0.00201225
232 232 0.00401486
233 232 -0.00200261
232 233 -0.00200261
233 233 0.00399654
234 233 -0.00199393
233 234 -0.00199393
234 234 0.00397926
235 234 -0.00198533
234 235 -0.00198533
235 235 0.00396127
236 235 -0.00197595
235 236 -0.00197595
236 236 0.00394176
237 236 -0.00196581
236 237 -0.00196581
237 237 0.00392243
238 237 -0.00195661
237 238 -0.00195661
238 238 0.00390412
239 238 -0.0019475
238 239 -0.0019475
239 239 0.00388598
240 239 -0.00193847
239 240 -0.00193847
240 240 0.003868
241 240 -0.00192953
240 241 -0.00192953
241 241 0.0038502
242 241 -0.00192067
241 242 -0.00192067
242 242 0.00383176
243 242 -0.00191109
242 243 -0.00191109
243 243 0.00381349
244 243 -0.0019024
243 244 -0.0019024
244 244 0.00379618
245 244 -0.00189378
244 245 -0.00189378
245 245 0.00377826
246 245 -0.00188447
245 246 -0.00188447
246 246 0.00376049
247 246 -0.00187602
246 247 -0.00187602
247 247 0.0037429
248 247 -0.00186688
247 248 -0.00186688
248 248 0.00372547
249 248 -0.00185859
248 249 -0.00185859
249 249 0.0037082
250 249 -0.00184962
249 250 -0.00184962
250 250 0.00369035
251 250 -0.00184074
250 251 -0.00184074
251 251 0.00367341
252 251 -0.00183267
251 252 -0.00183267
252 252 0.00365662
253 252 -0.00182395
252 253 -0.00182395
253 253 0.00363854
254 253 -0.0018146
253 254 -0.0018146
254 254 0.00362064
255 254 -0.00180605
254 255 -0.00180605
255 255 0.00360433
256 255 -0.00179828
255 256 -0.00179828
256 256 0.00358816
257 256 -0.00178988
256 257 -0.00178988
257 257 0.00357145
258 257 -0.00178156
257 258 -0.00178156
258 258 0.00355489
259 258 -0.00177332
258 259 -0.00177332
259 259 0.00353848
260 259 -0.00176516
259 260 -0.00176516
260 260 0.00352155
261 260 -0.0017564
260 261 -0.0017564
261 261 0.00350412
262 261 -0.00174772
261 262 -0.00174772
262 262 0.00348751
263 262 -0.00173979
262 263 -0.00173979
263 263 0.00347172
264 263 -0.00173193
263 264 -0.00173193
264 264 0.00345607
265 264 -0.00172414
264 265 -0.00172414
265 265 0.00343992
266 265 -0.00171578
265 266 -0.00171578
266 266 0.00342328
267 266 -0.0017075
266 267 -0.0017075
267 267 0.00340742
268 267 -0.00169993
267 268 -0.00169993
268 268 0.00339172
269 268 -0.0016918
268 269 -0.0016918
269 269 0.00337555
270 269 -0.00168375
269 270 -0.00168375
270 270 0.00335952
271 270 -0.00167577
270 271 -0.00167577
271 271 0.00334365
272 271 -0.00166788
271 272 -0.00166788
272 272 0.00332853
273 272 -0.00166065
272 273 -0.00166065
273 273 0.00331354
274 273 -0.00165289
273 274 -0.00165289
274 274 0.00329751
275 274 -0.00164462
274 275 -0.00164462
275 275 0.00328163
276 275 -0.00163701
275 276 -0.00163701
276 276 0.00326648
277 276 -0.00162947
276 277 -0.00162947
277 277 0.0032509
278 277 -0.00162143
277 278 -0.00162143
278 278 0.00323547
279 278 -0.00161404
278 279 -0.00161404
279 279 0.00322074
280 279 -0.00160671
279 280 -0.00160671
280 280 0.00320559
281 280 -0.00159889
280 281 -0.00159889
281 281 0.00319003
282 281 -0.00159114
281 282 -0.00159114
282 282 0.00317517
283 282 -0.00158402
282 283 -0.00158402
283 283 0.00316098
284 283 -0.00157696
283 284 -0.00157696
284 284 0.00314639
285 284 -0.00156943
284 285 -0.00156943
285 285 0.0031314
286 285 -0.00156197
285 286 -0.00156197
286 286 0.00311655
287 286 -0.00155458
286 287 -0.00155458
287 287 0.00310184
288 287 -0.00154726
287 288 -0.00154726
288 288 0.00308727
289 288 -0.00154001
288 289 -0.00154001
289 289 0.00307283
290 289 -0.00153282
289 290 -0.00153282
290 290 0.00305853
291 290 -0.0015257
290 291 -0.0015257
291 291 0.00304436
292 291 -0.00151865
291 292 -0.00151865
292 292 0.00302982
293 292 -0.00151117
292 293 -0.00151117
293 293 0.00301542
294 293 -0.00150425
293 294 -0.00150425
294 294 0.00300165
295 294 -0.0014974
294 295 -0.0014974
295 295 0.00298752
296 295 -0.00149012
295 296 -0.00149012
296 296 0.00297351
297 296 -0.00148339
296 297 -0.00148339
297 297 0.00295964
298 297 -0.00147625
297 298 -0.00147625
298 298 0.00294543
299 298 -0.00146918
298 299 -0.00146918
299 299 0.00293182
300 299 -0.00146264
299 300 -0.00146264
300 300 0.00291834
301 300 -0.0014557
300 301 -0.0014557
301 301 0.00290452
302 301 -0.00144882
301 302 -0.00144882
302 302 0.00289083
303 302 -0.00144201
302 303 -0.00144201
303 303 0.00287726
304 303 -0.00143526
303 304 -0.00143526
304 304 0.00286383
305 304 -0.00142857
304 305 -0.00142857
305 305 0.00285052
306 305 -0.00142195
305 306 -0.00142195
306 306 0.00283733
307 306 -0.00141538
306 307 -0.00141538
307 307 0.00282384
308 307 -0.00140845
307 308 -0.00140845
308 308 0.00281046
309 308 -0.00140201
308 309 -0.00140201
309 309 0.00279764
310 309 -0.00139563
309 310 -0.00139563
310 310 0.00278452
311 310 -0.00138889
310 311 -0.00138889
311 311 0.0027711
312 311 -0.00138221
311 312 -0.00138221
312 312 0.00275822
313 312 -0.00137601
312 313 -0.00137601
313 313 0.00274546
314 313 -0.00136946
313 314 -0.00136946
314 314 0.00273242
315 314 -0.00136296
314 315 -0.00136296
315 315 0.0027199
316 315 -0.00135693
315 316 -0.00135693
316 316 0.00270709
317 316 -0.00135016
316 317 -0.00135016
317 317 0.00269401
318 317 -0.00134385
317 318 -0.00134385
318 318 0.00268145
319 318 -0.0013376
318 319 -0.0013376
319 319 0.002669
320 319 -0.0013314
319 320 -0.0013314
320 320 0.00265667
321 320 -0.00132527
320 321 -0.00132527
321 321 0.00264407
322 321 -0.00131881
321 322 -0.00131881
322 322 0.00263159
323 322 -0.00131279
322 323 -0.00131279
323 323 0.0026196
324 323 -0.00130682
323 324 -0.00130682
324 324 0.00260736
325 324 -0.00130054
324 325 -0.00130054
325 325 0.00259485
326 325 -0.00129432
325 326 -0.00129432
326 326 0.00258283
327 326 -0.00128852
326 327 -0.00128852
327 327 0.00257092
328 327 -0.00128241
327 328 -0.00128241
328 328 0.00255841
329 328 -0.00127601
328 329 -0.00127601
329 329 0.00254637
330 329 -0.00127037
329 330 -0.00127037
330 330 0.0025348
331 330 -0.00126443
330 331 -0.00126443
331 331 0.00252264
332 331 -0.00125821
331 332 -0.00125821
332 332 0.00251093
333 332 -0.00125272
332 333 -0.00125272
333 333 0.00249967
334 333 -0.00124695
333 334 -0.00124695
334 334 0.00248785
335 334 -0.0012409
334 335 -0.0012409
335 335 0.00247579
336 335 -0.0012349
335 336 -0.0012349
336 336 0.00246419
337 336 -0.00122929
336 337 -0.00122929
337 337 0.00245269
338 337 -0.0012234
337 338 -0.0012234
338 338 0.00244098
339 338 -0.00121758
338 339 -0.00121758
339 339 0.0024297
340 339 -0.00121212
339 340 -0.00121212
340 340 0.00241852
341 340 -0.0012064
340 341 -0.0012064
341 341 0.00240713
342 341 -0.00120073
341 342 -0.00120073
342 342 0.00239585
343 342 -0.00119512
342 343 -0.00119512
343 343 0.00238467
344 343 -0.00118955
343 344 -0.00118955
344 344 0.00237359
345 344 -0.00118404
344 345 -0.00118404
345 345 0.00236232
346 345 -0.00117828
345 346 -0.00117828
346 346 0.00235115
347 346 -0.00117287
346 347 -0.00117287
347 347 0.00234038
348 347 -0.00116751
347 348 -0.00116751
348 348 0.00232942
349 348 -0.00116191
348 349 -0.00116191
349 349 0.00231827
350 349 -0.00115636
349 350 -0.00115636
350 350 0.00230722
351 350 -0.00115086
350 351 -0.00115086
351 351 0.00229657
352 351 -0.0011457
351 352 -0.0011457
352 352 0.00228601
353 352 -0.00114031
352 353 -0.00114031
353 353 0.00227527
354 353 -0.00113496
353 354 -0.00113496
354 354 0.00226463
355 354 -0.00112967
354 355 -0.00112967
355 355 0.00225381
356 355 -0.00112414
355 356 -0.00112414
356 356 0.00224309
357 356 -0.00111895
356 357 -0.00111895
357 357 0.00223275
358 357 -0.0011138
357 358 -0.0011138
358 358 0.0022225
359 358 -0.0011087
358 359 -0.0011087
359 359 0.00221208
360 359 -0.00110338
359 360 -0.00110338
360 360 0.0022015
361 360 -0.00109811
360 361 -0.00109811
361 361 0.00219127
362 361 -0.00109316
361 362 -0.00109316
362 362 0.00218114
363 362 -0.00108798
362 363 -0.00108798
363 363 0.00217085
364 363 -0.00108286
363 364 -0.00108286
364 364 0.00216065
365 364 -0.00107779
364 365 -0.00107779
365 365 0.00215055
366 365 -0.00107276
365 366 -0.00107276
366 366 0.00214054
367 366 -0.00106778
366 367 -0.00106778
367 367 0.00213038
368 367 -0.0010626
367 368 -0.0010626
368 368 0.00212032
369 368 -0.00105771
368 369 -0.00105771
369 369 0.00211059
370 369 -0.00105287
369 370 -0.00105287
370 370 0.00210071
371 370 -0.00104784
370 371 -0.00104784
371 371 0.00209068
372 371 -0.00104285
371 372 -0.00104285
372 372 0.00208075
373 372 -0.00103791
372 373 -0.00103791
373 373 0.00207115
374 373 -0.00103324
373 374 -0.00103324
374 374 0.00206164
375 374 -0.00102839
374 375 -0.00102839
375 375 0.00205198
376 375 -0.00102359
375 376 -0.00102359
376 376 0.00204241
377 376 -0.00101883
376 377 -0.00101883
377 377 0.00203271
378 377 -0.00101389
377 378 -0.00101389
378 378 0.0020231
379 378 -0.00100921
378 379 -0.00100921
379 379 0.0020138
380 379 -0.00100459
379 380 -0.00100459
380 380 0.00200437
381 380 -0.000999783
380 381 -0.000999783
381 381 0.00199481
382 381 -0.000995025
381 382 -0.000995025
382 382 0.00198534
383 382 -0.000990312
382 383 -0.000990312
383 383 0.00197617
384 383 -0.000985855
383 384 -0.000985855
384 384 0.00196708
385 384 -0.000981229
384 385 -0.000981229
385 385 0.00195767
386 385 -0.000976438
385 386 -0.000976438
386 386 0.00194834
387 386 -0.000971899
386 387 -0.000971899
387 387 0.0019393
388 387 -0.000967403
387 388 -0.000967403
388 388 0.00193035
389 388 -0.000962947
388 389 -0.000962947
389 389 0.00192148
390 389 -0.000958533
389 390 -0.000958533
390 390 0.00191249
391 390 -0.000953961
390 391 -0.000953961
391 391 0.00190339
392 391 -0.000949432
391 392 -0.000949432
392 392 0.00189438
393 392 -0.000944947
392 393 -0.000944947
393 393 0.00188545
394 393 -0.000940503
393 394 -0.000940503
394 394 0.0018766
395 394 -0.000936101
394 395 -0.000936101
395 395 0.00186784
396 395 -0.00093174
395 396 -0.00093174
396 396 0.00185916
397 396 -0.000927419
396 397 -0.000927419
397 397 0.00185056
398 397 -0.000923139
397 398 -0.000923139
398 398 0.00184185
399 398 -0.000918714
398 399 -0.000918714
399 399 0.00183304
400 399 -0.000914331
399 400 -0.000914331
400 400 0.0018245
401 400 -0.00091017
400 401 -0.00091017
401 401 0.00181604
402 401 -0.000905868
401 402 -0.000905868
402 402 0.00180748
403 402 -0.000901607
402 403 -0.000901607
403 403 0.00179899
404 403 -0.000897386
403 404 -0.000897386
404 404 0.00179059
405 404 -0.000893204
404 405 -0.000893204
405 405 0.00178226
406 405 -0.000889061
405 406 -0.000889061
406 406 0.00177402
407 406 -0.000884956
406 407 -0.000884956
407 407 0.00176568
408 407 -0.00088072
407 408 -0.00088072
408 408 0.00175724
409 408 -0.000876524
408 409 -0.000876524
409 409 0.00174906
410 409 -0.000872534
409 410 -0.000872534
410 410 0.00174095
411 410 -0.000868416
410 411 -0.000868416
411 411 0.00173275
412 411 -0.000864337
411 412 -0.000864337
412 412 0.00172463
413 412 -0.000860295
412 413 -0.000860295
413 413 0.00171643
414 413 -0.000856133
413 414 -0.000856133
414 414 0.0017083
415 414 -0.000852167
414 415 -0.000852167
415 415 0.00170041
416 415 -0.000848239
415 416 -0.000848239
416 416 0.00169259
417 416 -0.000844347
416 417 -0.000844347
417 417 0.00168468
418 417 -0.000840336
417 418 -0.000840336
418 418 0.0016767
419 418 -0.000836364
418 419 -0.000836364
419 419 0.00166879
420 419 -0.000832429
419 420 -0.000832429
420 420 0.00166096
421 420 -0.00082853
420 421 -0.00082853
421 421 0.0016532
422 421 -0.000824668
421 422 -0.000824668
422 422 0.00164536
423 422 -0.000820696
422 423 -0.000820696
423 423 0.00163775
424 423 -0.000817052
423 424 -0.000817052
424 424 0.0016302
425 424 -0.000813152
424 425 -0.000813152
425 425 0.00162244
426 425 -0.000809289
425 426 -0.000809289
426 426 0.00161489
427 426 -0.000805604
426 427 -0.000805604
427 427 0.00160728
428 427 -0.000801673
427 428 -0.000801673
428 428 0.00159959
429 428 -0.000797918
428 429 -0.000797918
429 429 0.00159225
430 429 -0.000794336
429 430 -0.000794336
430 430 0.00158499
431 430 -0.00079065
430 431 -0.00079065
431 431 0.00157751
432 431 -0.000786863
431 432 -0.000786863
432 432 0.00156997
433 432 -0.000783112
432 433 -0.000783112
433 433 0.00156251
434 433 -0.000779397
433 434 -0.000779397
434 434 0.00155524
435 434 -0.000775848
434 435 -0.000775848
435 435 0.00154805
436 435 -0.000772201
435 436 -0.000772201
436 436 0.00154079
437 436 -0.000768588
436 437 -0.000768588
437 437 0.0015336
438 437 -0.000765009
437 438 -0.000765009
438 438 0.00152635
439 438 -0.000761337
438 439 -0.000761337
439 439 0.00151916
440 439 -0.000757825
439 440 -0.000757825
440 440 0.00151205
441 440 -0.000754222
440 441 -0.000754222
441 441 0.001505
442 441 -0.000750775
441 442 -0.000750775
442 442 0.00149801
443 442 -0.000747238
442 443 -0.000747238
443 443 0.00149085
444 443 -0.000743615
443 444 -0.000743615
444 444 0.00148388
445 444 -0.000740264
444 445 -0.000740264
445 445 0.00147709
446 445 -0.000736825
445 446 -0.000736825
446 446 0.00147013
447 446 -0.000733301
446 447 -0.000733301
447 447 0.00146323
448 447 -0.000729927
447 448 -0.000729927
448 448 0.0014564
449 448 -0.000726469
448 449 -0.000726469
449 449 0.00144951
450 449 -0.000723043
449 450 -0.000723043
450 450 0.00144269
451 450 -0.00071965
450 451 -0.00071965
451 451 0.00143594
452 451 -0.000716288
451 452 -0.000716288
452 452 0.00142924
453 452 -0.000712957
452 453 -0.000712957
453 453 0.00142251
454 453 -0.000709548
453 454 -0.000709548
454 454 0.00141583
455 454 -0.00070628
454 455 -0.00070628
455 455 0.00140932
456 455 -0.000703041
455 456 -0.000703041
456 456 0.00140277
457 456 -0.000699726
456 457 -0.000699726
457 457 0.00139606
458 457 -0.000696337
457 458 -0.000696337
458 458 0.00138942
459 458 -0.000693084
458 459 -0.000693084
459 459 0.00138295
460 459 -0.000689862
459 460 -0.000689862
460 460 0.00137653
461 460 -0.00068667
460 461 -0.00068667
461 461 0.00137018
462 461 -0.000683507
461 462 -0.000683507
462 462 0.00136368
463 462 -0.000680172
462 463 -0.000680172
463 463 0.00135714
464 463 -0.000676968
463 464 -0.000676968
464 464 0.00135086
465 464 -0.000673894
464 465 -0.000673894
465 465 0.00134464
466 465 -0.000670749
465 466 -0.000670749
466 466 0.00133838
467 466 -0.000667634
466 467 -0.000667634
467 467 0.00133209
468 467 -0.000664452
467 468 -0.000664452
468 468 0.00132575
469 468 -0.0006613
468 469 -0.0006613
469 469 0.00131957
470 469 -0.000658271
469 470 -0.000658271
470 470 0.00131345
471 470 -0.000655177
470 471 -0.000655177
471 471 0.0013072
472 471 -0.00065202
471 472 -0.00065202
472 472 0.001301
473 472 -0.000648984
472 473 -0.000648984
473 473 0.00129496
474 473 -0.000645977
473 474 -0.000645977
474 474 0.00128897
475 474 -0.000642997
474 475 -0.000642997
475 475 0.00128295
476 475 -0.000639955
475 476 -0.000639955
476 476 0.0012769
477 476 -0.000636943
476 477 -0.000636943
477 477 0.0012709
478 477 -0.000633958
477 478 -0.000633958
478 478 0.00126496
479 478 -0.000631001
478 479 -0.000631001
479 479 0.00125907
480 479 -0.000628072
479 480 -0.000628072
480 480 0.00125316
481 480 -0.000625085
480 481 -0.000625085
481 481 0.0012473
482 481 -0.00062221
481 482 -0.00062221
482 482 0.00124149
483 482 -0.000619278
482 483 -0.000619278
483 483 0.00123557
484 483 -0.000616292
483 484 -0.000616292
484 484 0.00122971
485 484 -0.000613415
484 485 -0.000613415
485 485 0.00122406
486 485 -0.000610646
485 486 -0.000610646
486 486 0.00121839
487 486 -0.000607742
486 487 -0.000607742
487 487 0.00121261
488 487 -0.000604865
487 488 -0.000604865
488 488 0.00120688
489 488 -0.000602015
488 489 -0.000602015
489 489 0.00120121
490 489 -0.000599192
489 490 -0.000599192
490 490 0.00119567
491 490 -0.000596473
490 491 -0.000596473
491 491 0.0011901
492 491 -0.000593625
491 492 -0.000593625
492 492 0.00118443
493 492 -0.000590804
492 493 -0.000590804
493 493 0.00117889
494 493 -0.000588085
493 494 -0.000588085
494 494 0.0011734
495 494 -0.000585316
494 495 -0.000585316
495 495 0.00116789
496 495 -0.000582573
495 496 -0.000582573
496 496 0.00116243
497 496 -0.000579856
496 497 -0.000579856
497 497 0.00115702
498 497 -0.000577164
497 498 -0.000577164
498 498 0.00115159
499 498 -0.000574426
498 499 -0.000574426
499 499 0.00114614
500 499 -0.000571713
499 500 -0.000571713
500 500 0.00114081
501 500 -0.000569096
500 501 -0.000569096
501 501 0.00113546
502 501 -0.000566363
501 502 -0.000566363
502 502 0.00113009
503 502 -0.000563725
502 503 -0.000563725
503 503 0.00112484
504 503 -0.000561112
503 504 -0.000561112
504 504 0.00111957
505 504 -0.000558456
504 505 -0.000558456
505 505 0.00111428
506 505 -0.000555824
505 506 -0.000555824
506 506 0.00110904
507 506 -0.000553217
506 507 -0.000553217
507 507 0.00110392
508 507 -0.0005507
507 508 -0.0005507
508 508 0.00109878
509 508 -0.000548076
508 509 -0.000548076
509 509 0.00109355
510 509 -0.000545476
509 510 -0.000545476
510 510 0.00108844
511 510 -0.000542965
510 511 -0.000542965
511 511 0.00108338
512 511 -0.000540414
511 512 -0.000540414
512 512 0.0010783
513 512 -0.000537886
512 513 -0.000537886
513 513 0.00107327
514 513 -0.000535382
513 514 -0.000535382
514 514 0.00106822
515 514 -0.000532839
514 515 -0.000532839
515 515 0.00106316
516 515 -0.00053032
515 516 -0.00053032
516 516 0.00105821
517 516 -0.000527886
516 517 -0.000527886
517 517 0.0010533
518 517 -0.000525414
517 518 -0.000525414
518 518 0.00104832
519 518 -0.000522906
518 519 -0.000522906
519 519 0.00104339
520 519 -0.00052048
519 520 -0.00052048
520 520 0.00103856
521 520 -0.000518076
520 521 -0.000518076
521 521 0.00103366
522 521 -0.000515579
521 522 -0.000515579
522 522 0.00102874
523 522 -0.000513164
522 523 -0.000513164
523 523 0.00102399
524 523 -0.000510827
523 524 -0.000510827
524 524 0.00101923
525 524 -0.0005084
524 525 -0.0005084
525 525 0.00101439
526 525 -0.000505995
525 526 -0.000505995
526 526 0.00100966
527 526 -0.000503668
526 527 -0.000503668
527 527 0.00100498
528 527 -0.000501308
527 528 -0.000501308
528 528 0.00100022
529 528 -0.000498915
528 529 -0.000498915
529 529 0.000995515
530 529 -0.000496599
529 530 -0.000496599
530 530 0.000990904
531 530 -0.000494305
530 531 -0.000494305
531 531 0.000986283
532 531 -0.000491979
531 532 -0.000491979
532 532 0.000981653
533 532 -0.000489674
532 533 -0.000489674
533 533 0.000977014
534 533 -0.00048734
533 534 -0.00048734
534 534 0.000972418
535 534 -0.000485079
534 535 -0.000485079
535 535 0.000967917
536 535 -0.000482838
535 536 -0.000482838
536 536 0.000963356
537 536 -0.000480518
536 537 -0.000480518
537 537 0.000958788
538 537 -0.00047827
537 538 -0.00047827
538 538 0.000954313
539 538 -0.000476043
538 539 -0.000476043
539 539 0.000949879
540 539 -0.000473836
539 540 -0.000473836
540 540 0.000945437
541 540 -0.000471601
540 541 -0.000471601
541 541 0.000940989
542 541 -0.000469388
541 542 -0.000469388
542 542 0.000936583
543 542 -0.000467195
542 543 -0.000467195
543 543 0.00093217
544 543 -0.000464975
543 544 -0.000464975
544 544 0.000927798
545 544 -0.000462823
544 545 -0.000462823
545 545 0.000923514
546 545 -0.000460691
545 546 -0.000460691
546 546 0.000919178
547 546 -0.000458487
546 547 -0.000458487
547 547 0.000914836
548 547 -0.000456349
547 548 -0.000456349
548 548 0.00091058
549 548 -0.000454231
548 549 -0.000454231
549 549 0.000906275
550 549 -0.000452044
549 550 -0.000452044
550 550 0.000902142
551 550 -0.000450098
550 551 -0.000450098
551 551 0.000898004
552 551 -0.000447907
551 552 -0.000447907
552 552 0.000893643
553 552 -0.000445736
552 553 -0.000445736
553 553 0.000889324
554 553 -0.000443587
553 554 -0.000443587
554 554 0.000885046
555 554 -0.000441459
554 555 -0.000441459
555 555 0.000881229
556 555 -0.000439771
555 556 -0.000439771
556 556 0.000877449
557 556 -0.000437678
556 557 -0.000437678
557 557 0.000872872
558 557 -0.000435194
557 558 -0.000435194
558 558 0.000868339
559 558 -0.000433145
558 559 -0.000433145
559 559 0.000864665
560 559 -0.00043152
559 560 -0.00043152
560 560 0.000861025
561 560 -0.000429505
560 561 -0.000429505
561 561 0.000856617
562 561 -0.000427112
561 562 -0.000427112
562 562 0.000852251
563 562 -0.000425139
562 563 -0.000425139
563 563 0.000848322
564 563 -0.000423183
563 564 -0.000423183
564 564 0.000844428
565 564 -0.000421245
564 565 -0.000421245
565 565 0.000840953
566 565 -0.000419708
565 566 -0.000419708
566 566 0.000837131
567 566 -0.000417423
566 567 -0.000417423
567 567 0.000832585
568 567 -0.000415162
567 568 -0.000415162
568 568 0.000828832
569 568 -0.000413669
568 569 -0.000413669
569 569 0.000825486
570 569 -0.000411817
569 570 -0.000411817
570 570 0.000821434
571 570 -0.000409617
570 571 -0.000409617
571 571 0.000817057
572 571 -0.00040744
571 572 -0.00040744
572 572 0.000813084
573 572 -0.000405644
572 573 -0.000405644
573 573 0.000809507
574 573 -0.000403863
573 574 -0.000403863
574 574 0.000805961
575 574 -0.000402098
574 575 -0.000402098
575 575 0.000802446
576 575 -0.000400348
575 576 -0.000400348
576 576 0.000798617
577 576 -0.000398268
576 577 -0.000398268
577 577 0.000794479
578 577 -0.00039621
577 578 -0.00039621
578 578 0.000790721
579 578 -0.000394511
578 579 -0.000394511
579 579 0.000787338
580 579 -0.000392827
579 580 -0.000392827
580 580 0.000783651
581 580 -0.000390824
580 581 -0.000390824
581 581 0.000779666
582 581 -0.000388842
581 582 -0.000388842
582 582 0.000776047
583 582 -0.000387205
582 583 -0.000387205
583 583 0.000772788
584 583 -0.000385583
583 584 -0.000385583
584 584 0.000769236
585 584 -0.000383653
584 585 -0.000383653
585 585 0.000765396
586 585 -0.000381743
585 586 -0.000381743
586 586 0.000761594
587 586 -0.000379851
586 587 -0.000379851
587 587 0.00075783
588 587 -0.000377979
587 588 -0.000377979
588 588 0.000754411
589 588 -0.000376432
588 589 -0.000376432
589 589 0.00075133
590 589 -0.000374898
589 590 -0.000374898
590 590 0.00074767
591 590 -0.000372771
590 591 -0.000372771
591 591 0.000743739
592 591 -0.000370968
591 592 -0.000370968
592 592 0.000740446
593 592 -0.000369478
592 593 -0.000369478
593 593 0.000737184
594 593 -0.000367706
593 594 -0.000367706
594 594 0.000733657
595 594 -0.000365951
594 595 -0.000365951
595 595 0.000730163
596 595 -0.000364212
595 596 -0.000364212
596 596 0.000726702
597 596 -0.00036249
596 597 -0.00036249
597 597 0.000723558
598 597 -0.000361068
597 598 -0.000361068
598 598 0.000720443
599 598 -0.000359375
598 599 -0.000359375
599 599 0.000716795
600 599 -0.00035742
599 600 -0.00035742
600 600 0.000713182
601 600 -0.000355762
600 601 -0.000355762
601 601 0.00070988
602 601 -0.000354119
601 602 -0.000354119
602 602 0.000706609
603 602 -0.00035249
602 603 -0.00035249
603 603 0.000703368
604 603 -0.000350877
603 604 -0.000350877
604 604 0.000699891
605 604 -0.000349014
604 605 -0.000349014
605 605 0.000696446
606 605 -0.000347432
605 606 -0.000347432
606 606 0.000693297
607 606 -0.000345865
606 607 -0.000345865
607 607 0.000690176
608 607 -0.000344311
607 608 -0.000344311
608 608 0.000687083
609 608 -0.000342772
608 609 -0.000342772
609 609 0.000683765
610 609 -0.000340993
609 610 -0.000340993
610 610 0.000680477
611 610 -0.000339483
610 611 -0.000339483
611 611 0.00067747
612 611 -0.000337987
611 612 -0.000337987
612 612 0.000674244
613 612 -0.000336257
612 613 -0.000336257
613 613 0.000671046
614 613 -0.000334789
613 614 -0.000334789
614 614 0.000668122
615 614 -0.000333333
614 615 -0.000333333
615 615 0.000664745
616 615 -0.000331412
615 616 -0.000331412
616 616 0.000661398
617 616 -0.000329986
616 617 -0.000329986
617 617 0.000658557
618 617 -0.000328571
617 618 -0.000328571
618 618 0.000655508
619 618 -0.000326937
618 619 -0.000326937
619 619 0.000652255
620 619 -0.000325318
619 620 -0.000325318
620 620 0.000649262
621 620 -0.000323944
620 621 -0.000323944
621 621 0.000646524
622 621 -0.000322581
621 622 -0.000322581
622 622 0.000643362
623 622 -0.000320781
622 623 -0.000320781
623 623 0.000640004
624 623 -0.000319223
623 624 -0.000319223
624 624 0.000637122
625 624 -0.000317899
624 625 -0.000317899
625 625 0.000634268
626 625 -0.000316369
625 626 -0.000316369
626 626 0.000631221
627 626 -0.000314853
626 627 -0.000314853
627 627 0.000628418
628 627 -0.000313565
627 628 -0.000313565
628 628 0.000625641
629 628 -0.000312076
628 629 -0.000312076
629 629 0.000622467
630 629 -0.000310391
629 630 -0.000310391
630 630 0.000619324
631 630 -0.000308932
630 631 -0.000308932
631 631 0.000616624
632 631 -0.000307692
631 632 -0.000307692
632 632 0.000613951
633 632 -0.000306258
632 633 -0.000306258
633 633 0.000610894
634 633 -0.000304636
633 634 -0.000304636
634 634 0.000607866
635 634 -0.00030323
634 635 -0.00030323
635 635 0.000605067
636 635 -0.000301837
635 636 -0.000301837
636 636 0.000602294
637 636 -0.000300457
636 637 -0.000300457
637 637 0.000599547
638 637 -0.00029909
637 638 -0.00029909
638 638 0.000596632
639 638 -0.000297542
638 639 -0.000297542
639 639 0.000593743
640 639 -0.000296201
639 640 -0.000296201
640 640 0.000591073
641 640 -0.000294872
640 641 -0.000294872
641 641 0.000588426
642 641 -0.000293555
641 642 -0.000293555
642 642 0.000585804
643 642 -0.000292249
642 643 -0.000292249
643 643 0.00058302
644 643 -0.000290771
643 644 -0.000290771
644 644 0.000580079
645 644 -0.000289308
644 645 -0.000289308
645 645 0.000577348
646 645 -0.00028804
645 646 -0.00028804
646 646 0.000574644
647 646 -0.000286604
646 647 -0.000286604
647 647 0.000571787
648 647 -0.000285183
647 648 -0.000285183
648 648 0.000569309
649 648 -0.000284126
648 649 -0.000284126
649 649 0.000566855
650 649 -0.000282729
649 650 -0.000282729
650 650 0.000564075
651 650 -0.000281346
650 651 -0.000281346
651 651 0.000561321
652 651 -0.000279976
651 652 -0.000279976
652 652 0.000558595
653 652 -0.000278619
652 653 -0.000278619
653 653 0.000556062
654 653 -0.000277443
653 654 -0.000277443
654 654 0.000553553
655 654 -0.00027611
654 655 -0.00027611
655 655 0.000550901
656 655 -0.000274791
655 656 -0.000274791
656 656 0.000548275
657 656 -0.000273484
656 657 -0.000273484
657 657 0.000545673
658 657 -0.000272189
657 658 -0.000272189
658 658 0.000543256
659 658 -0.000271067
658 659 -0.000271067
659 659 0.000540861
660 659 -0.000269795
659 660 -0.000269795
660 660 0.000538173
661 660 -0.000268378
660 661 -0.000268378
661 661 0.000535509
662 661 -0.000267131
661 662 -0.000267131
662 662 0.000533027
663 662 -0.000265896
662 663 -0.000265896
663 663 0.000530568
664 663 -0.000264672
663 664 -0.000264672
664 664 0.000528131
665 664 -0.000263459
664 665 -0.000263459
665 665 0.000525717
666 665 -0.000262258
665 666 -0.000262258
666 666 0.000523177
667 666 -0.000260919
666 667 -0.000260919
667 667 0.000520659
668 667 -0.00025974
667 668 -0.00025974
668 668 0.000518312
669 668 -0.000258572
668 669 -0.000258572
669 669 0.000515843
670 669 -0.000257271
669 670 -0.000257271
670 670 0.000513395
671 670 -0.000256125
670 671 -0.000256125
671 671 0.000511114
672 671 -0.000254989
671 672 -0.000254989
672 672 0.000508712
673 672 -0.000253723
672 673 -0.000253723
673 673 0.000506193
674 673 -0.00025247
673 674 -0.00025247
674 674 0.000503836
675 674 -0.000251366
674 675 -0.000251366
675 675 0.000501502
676 675 -0.000250136
675 676 -0.000250136
676 676 0.000499054
677 676 -0.000248918
676 677 -0.000248918
677 677 0.000496763
678 677 -0.000247845
677 678 -0.000247845
678 678 0.000494626
679 678 -0.000246781
678 679 -0.000246781
679 679 0.000492376
680 679 -0.000245595
679 680 -0.000245595
680 680 0.000489886
